0.27720282
0.89837876
0.18174245
0.75409848
0.58838759
0.53481259
0.67784365
0.80803735
0.16309435
0.23626341
0.48856762
0.72525207
0.95852582
0.56931453
0.51324068
0.75637836
0.85838817
0.36163217
0.78190105
0.72667773
0.52221147
0.82500270
0.11104409
0.87211832
0.10560222
0.57392739
0.75315625
0.52583012
0.54141627
0.39329432
0.41647304
0.35177363
0.72623756
0.78941507
0.21707821
0.68965210
0.71695209
0.80006852
0.31794093
0.58344420
0.79309026
0.07558965
0.18164644
0.82035952
0.59473980
0.48544300
0.62729012
0.25261956
0.92766086
0.18966538
0.82369672
0.73510095
0.38845164
0.43001931
0.24907296
0.06068713
0.71780240
0.67394074
0.84829930
0.46148440
0.14908347
0.28818477
0.09661403
0.57521592
0.87950256
0.17939989
0.22217887
0.28058790
0.45417307
0.74530835
0.63775097
0.40862738
0.22213271
0.78994669
0.33054906
0.26059014
0.87072283
0.56874615
0.69160845
0.01995576
0.94869913
0.08186443
0.96856639
0.26827708
0.38004249
0.97092138
0.04996249
0.13929339
0.61498712
0.69582995
0.10729326
0.02257691
0.49286914
0.78410752
0.27779816
0.58191825
0.86518064
0.67811469
0.48495319
0.75383380
0.47295212
0.10422176
0.17381989
0.43321566
0.91384316
0.92936959
0.21218146
0.89588091
0.53530704
0.00162177
0.76030981
0.10730925
0.28152487
0.91479408
0.61002432
0.56977011
0.04665854
0.86840394
0.23142391
0.77978856
0.27252269
0.59218937
0.80997114
0.17826281
0.42610078
