0.93926076
0.44913331
0.90508593
0.88792510
0.97789223
0.04245185
0.37309246
0.84409613
0.04981044
0.76045322
0.40331124
0.79881404
0.21293533
0.64027631
0.74830126
0.69770247
0.98637695
0.06108935
0.13386007
0.07424441
0.32711901
0.72469530
0.18286290
0.82151138
0.24884341
0.78101859
0.65413735
0.92439935
0.90674357
0.87614281
0.22332757
0.33414527
0.44810180
0.37979726
0.87773881
0.15431662
0.75457037
0.46306917
0.42395475
0.45051254
0.43282978
0.90402911
0.34160818
0.16920820
0.76743327
0.94006886
0.70830594
0.42010954
0.84010771
0.00948853
0.55768729
0.54533812
0.67758307
0.51971557
0.92426493
0.68927395
0.96524794
0.56137178
0.33432136
0.80492246
0.08268690
0.95786065
0.50535766
0.07818116
0.50151915
0.71332658
0.40400606
0.49684808
0.84724889
0.59420434
0.21953745
0.54943070
0.44128198
0.84979174
0.74364866
0.43684525
0.28254347
0.95695162
0.76633089
0.33900193
0.63001269
0.46980172
0.98183119
0.83454032
0.87335262
0.56205349
0.04232982
0.57008776
0.86665438
0.44124412
0.96771654
0.04841378
0.25627754
0.83772138
0.50773061
0.70561269
0.53117468
0.94851746
0.84667039
0.02997061
0.42531998
0.26203164
0.53327792
0.82932737
0.19589564
0.61380868
0.98165360
0.45066896
0.77795408
0.78420633
0.49517174
0.65104282
0.09005519
0.62232076
0.23773423
0.09786981
0.34682920
0.36082052
0.45348560
0.80188941
0.01544668
0.01579832
0.22992450
0.44819431
0.63037673
