         1       121        76        82         9       114
         2         9        63        91        31        67
         3        93         6        81        68        13
         4        27       123        37       107        12
         5        95        17        87         7       108
         6        68       110        99         7        96
         7        98        99        13        33        74
         8        54         5        58       108        74
         9        91        31         4        80        44
        10        24       101        61         6        65
        11       101        60        42        49        41
        12        54        37        94        87        89
        13        91        32        31        80        43
        14        47        57       103        37        62
        15        46        17        65        84        59
        16         8        89        76        38        54
        17        34        61        18        95        65
        18       124        84        39       116        59
        19        81        93       121       117        66
        20        29        85        82        35        97
        21        57        88        12        37        23
        22       118        27        45       107        80
        23       123       120        83        52       102
        24        72         6        49         1        33
        25        36        45       103        70        28
        26       105        32        43        15       100
        27       107       120       113        28       123
        28       113       120        36        22        45
        29        35        77         2        85       119
        30        16        62        56        89        12
        31         3       117        23        52        81
        32        43        15        17        46       106
        33        41        78        26        49       104
        34        46        18        84       124        58
        35         2        64        63        86         9
        36        53        90       116         6        93
        37        50        94         2       115        80
        38       122        58        97        11         5
        39        75        53        70        71        25
        40        95        16         8         7        60
        41        24         1        49       101         6
        42       109       111       112        38        97
        43       112       106        72       101        73
        44        33        69        20        41        78
        45       124       103       106       116       115
        46        84        86        64        39        59
        47       125        62       103         4        57
        48        51       119        29        42        56
        49        20        82        61        29        97
        50       115        80       100        21        57
        51        42        14        47       103        57
        52        30        56        44        16       108
        53        71         6         3        79        99
        54        89       109        87        48       105
        55        61        17        32        26       111
        56        47        62        93        75        69
        57        37        94       103       115        12
        58        92         5        40       102        54
        59        71       111        99        90         5
        60        79        76       119        51        16
        61        59        15        46       111        71
        62       113       123       120        23        52
        63        67        78       114        26        55
        64        88        83        12        86        23
        65        86        39        70        29        46
        66         1        82       121        20        11
        67        26        55       105        77        61
        68        10        96        81        22        65
        69        19        20        93        81        85
        70        48        21       119        57        51
        71        90        99        79        74        40
        72        49        61        82        10       101
        73        96        85        19        10        65
        74        52        44       108        33        56
        75        25        70        36        62        45
        76       104        41       110       100        24
        77        55       108       111        63        61
        78        26       114         7        41       110
        79       119        51        69        56        99
        80        43       100       112       106        27
        81       121        66        96         9        82
        82        14        11        97       103       101
        83        31        13        46         3        34
        84        39        59        25        53        75
        85        35        97         2        64        82
        86        70        29        39        48        77
        87        77        48        55       119       109
        88        23        12       107        54        87
        89        58        38       105         8        92
        90        40       116        60        53        79
        91        80        22        31        27        43
        92        40       102        22        16       107
        93        75       117        62        25        52
        94       114         2       109        89        50
        95         7        74         8        98        44
        96        65        19        66        93        39
        97        94        67        55       114       122
        98         3        13        53        83        90
        99        74        33        52       108        24
       100        22        92        28        27       118
       101       118        24       122        49       106
       102       107        98        34        83        40
       103        73       115        96        18        21
       104       110       100        78        26        38
       105       104        38       100       122       110
       106        73        10        85       115        96
       107        50        12        23       115       123
       108        63        64        67        78        83
       109        97        38        14        67        57
       110        13         7        22        91        32
       111         5        87        17        95        48
       112        72       101       106        10        61
       113       125        25       120       103       102
       114        76       105       121        89         4
       115        21        18        88       124        80
       116        28        60       113        79        76
       117        23        52        83        64       108
       118        45        68       124       106        96
       119        56        69        19        62        51
       120       102        36       107        34        50
       121         9        44         4        91        33
       122        42        11       112        72       109
       123        30        12        16        54        37
       124       116       122        28       106        84
       125         4        66       123         1        62
