         1        66        41       125        24         4
         2        35        37        94        85        29
         3        98        31        53        83         9
         4       125         9       121        47       114
         5       111        58         8        59        38
         6        53        24         3        10        41
         7        95       110        78         6        40
         8        16        95        40        89        30
         9       121         2         1        35        81
        10        68       106        72       112        73
        11       122        82        38        66       124
        12       123        88       107        21        30
        13       110        98        83         7         3
        14        82        51       109        79        48
        15        61        32        26        72        43
        16        30        40        52        60        92
        17        15        55         5        32       111
        18       115        34        17       103        50
        19        69        96        73       119        56
        20        49        69        72        44        66
        21       115        70        50       103        86
        22       100       110        91        28        92
        23        88       117       107        62        31
        24        41        10       101        99       118
        25        75       113        93        84        62
        26        67        78       104        33        55
        27         4        22        91       100        80
        28       116       100        27       124        25
        29        20        86        48        65        49
        30        52       123        74       117         4
        31        83         9        91        13         2
        32        13        26        55        78        67
        33        44        99        74        71        24
        34        17       102       120         5        92
        35        29        85        20        73        77
        36        25       120        75        28        98
        37        57        12         4        21        14
        38       105       109        89       104        42
        39        84        65        18        86        46
        40        92        90        71        58       102
        41        33        76        78        44        11
        42       122        51        11        48       124
        43        32        80        26        50        13
        44       121        74        52        30         9
        45       118        25        75        22        28
        46        15        34        32        83        65
        47        14        56        51        30        52
        48        70        87        54        86        75
        49        72        41        24       101        11
        50       107        37        94       102       120
        51        48        79        60        56        87
        52        74       117        99        62         8
        53        39        36        98        90        84
        54        12         8        88        94       123
        55        67        77        97        87        72
        56       119        52        30        74        79
        57        21        14       109        50        47
        58        89        38         8       105        95
        59        61        84        72        18        15
        60       116        11        90       124        40
        61        72        55        10        17        49
        62        30        47        93        56        75
        63       108         2        35        77        37
        64       108        35        46       117        85
        65        96        15        10        73        17
        66        81       125        96        73       103
        67        63        97       109       108         2
        68       118         6         3        45        24
        69        44       119        79        56        48
        70        86        75        25        65        39
        71        53        59        39         6        61
        72        24       112        43       122        41
        73       106       103        57        43        45
        74        99        95        71         8         5
        75        39        93        56        84        65
        76       114        60         1        16        30
        77        87        29        67         5        86
        78        33        63       104        44       108
        79        60        71        53        90        30
        80        91        50         9        37        13
        81        19        68         3        69        31
        82        66        49        20        72         1
        83        64       117        98       102        23
        84        46        18        34        15       124
        85        20        73       106        29        49
        86        65        46        35        64        96
        87       111        54         5        89        59
        88        64        21       115       108        46
        89        54        16        30        94       114
        90        71        36        98        59        25
        91         9        13       121         2       110
        92        58       100        89        28        38
        93        19         3        56        69        96
        94        97        37        12        57        42
        95         5        40       111        90        17
        96        73        68        81       103         6
        97       109        85        38        82        42
        98         7       102        95        92       120
        99        71         7         6        59        53
       100        80       104       105        50        76
       101        11       112        10        72        41
       102       120        92       113        58        23
       103        14        45        25        57       113
       104       105        76        33       114        41
       105        26        89       114        67        54
       106        43        45       112        80       118
       107        27       102       120        88        80
       108        77        74         8        52        99
       109        42        54        94         8        87
       110       104         6        76        53       105
       111        59        42        77        55        61
       112       122        43        42        80        49
       113        62        28        27        45       116
       114        94        78        63         1        97
       115        50       103       107        45        37
       116       124        90        36        45        18
       117        93        31        75         3        19
       118        22       101       100        28        10
       119        79        48        60        70        29
       120        23        27       113        28        62
       121        81         1       114        66        19
       122        38       124       101       105        89
       123        23         4        62       125       117
       124        45        18       118       115       101
       125       113        47        28        30        25
