0.26985022
0.03990747
0.23915158
0.96583031
0.58313080
0.09100354
0.78661675
0.89239583
0.41176806
0.64658763
0.23189619
0.31029817
0.95252836
0.56178742
0.01655913
0.41985934
0.95382722
0.36739122
0.45046244
0.51561994
0.58304873
0.89585799
0.36577463
0.66192559
0.10027449
0.46035358
0.11591312
0.67889343
0.71514453
0.11257088
0.30801829
0.42583559
0.58178493
0.26429624
0.17587335
0.38988727
0.82545603
0.78021113
0.03196619
0.27674160
0.95774236
0.67918109
0.13979890
0.18939711
0.52044295
0.47639077
0.07870127
0.16206545
0.84355526
0.45703300
0.00204971
0.77125851
0.33545336
0.11873938
0.33092852
0.70093279
0.53704437
0.93696150
0.76170175
0.26237885
0.34183011
0.88025625
0.40648359
0.06734769
0.93235803
0.66716207
0.39793074
0.64559849
0.35993359
0.57805262
0.19613733
0.46716741
0.38703253
0.61086537
0.00034288
0.50033241
0.17992841
0.52009944
0.96888739
0.07664673
0.84561539
0.76102478
0.97324868
0.34675961
0.08092558
0.77962918
0.19990758
0.57660423
0.02254237
0.11100688
0.83362515
0.51181063
0.56401551
0.79115218
0.14001733
0.18029367
0.90781798
0.37145330
0.06836882
0.72163426
0.68180465
0.39243400
0.84805322
0.08479460
0.45881677
0.58410090
0.56399785
0.92888392
0.86938615
0.51559113
0.32511281
0.21540074
0.26956603
0.93399718
0.14566613
0.11333051
0.56648615
0.24757840
0.37865470
0.26300051
0.36936941
0.64866488
0.53728746
0.77773536
0.64556418
