0.95654446
0.86316129
0.97881659
0.29302803
0.69363436
0.50908358
0.29283765
0.97104694
0.38364369
0.57024535
0.56407498
0.87050337
0.80648026
0.36967010
0.20239780
0.71152291
0.98441654
0.41922939
0.70781222
0.59240237
0.15468949
0.29879831
0.08752565
0.40151342
0.10201207
0.32811466
0.18026056
0.98003238
0.66498753
0.96190983
0.32743594
0.53949927
0.64612236
0.42214252
0.67713905
0.45583740
0.03944987
0.92558687
0.15365734
0.13803735
0.02916241
0.08040523
0.74047875
0.05110745
0.57073766
0.76602516
0.33096718
0.55613516
0.57288944
0.00391109
0.64107782
0.45169232
0.39078833
0.46527350
0.93990347
0.85130748
0.92501949
0.38834434
0.19545888
0.98557289
0.43671605
0.95536812
0.08399859
0.43678193
0.04231362
0.89467412
0.28087989
0.04386142
0.40288694
0.62695790
0.13248430
0.57420433
0.10042986
0.71198758
0.84494748
0.96473862
0.00987111
0.98717252
0.28710326
0.47547948
0.35362166
0.64770500
0.92135697
0.73288469
0.91303994
0.19215784
0.71287311
0.35974435
0.59688477
0.03655655
0.86435718
0.15686185
0.66567463
0.89379402
0.62230062
0.63580382
0.41142080
0.89498534
0.85306170
0.48807254
0.92655309
0.32952318
0.11184765
0.70737237
0.42828295
0.77695984
0.97433377
0.45639445
0.80086633
0.67599858
0.35738362
0.58182011
0.15015056
0.76784244
0.60138766
0.14275128
0.73108229
0.06762903
0.61642658
0.80142451
0.57766459
0.63282816
0.40831204
0.34156737
0.75525973
