         1        66        41       125        82        81
         2        35        37        29        94        85
         3        31        98        53         9       102
         4       125         9       121       114        47
         5        58       111        89        59        42
         6        53        24        36         3        41
         7        95       110         6        13        78
         8        16         5        95        30       111
         9         2       121         1        35        81
        10       106        68         6       112        43
        11       122        82        38        51        76
        12       123        88        30        64         4
        13       110        98        83        17         3
        14        82        51       109        49        79
        15        32        61        26        72        13
        16        30        40        90        92        62
        17        15        55         5        58       111
        18        34       115        17       103        50
        19        69        96        73        75        44
        20        49        69        72        67        44
        21       115        70        50        86        48
        22       100        91       110       104        80
        23       117        88       107        21        31
        24        41        10       101         1        33
        25        75       113        62        39        93
        26        78        67       104        33        43
        27         4        22       113        91        80
        28       116       100        22        25        27
        29        20        86        48        49        65
        30       123        52        62        74        23
        31         9        83         2        81        13
        32        13        26        17        78        67
        33        44        99         7        74       110
        34        17       102       120        15         5
        35        29        85        73        20        86
        36        25       120        98        75       113
        37        57        12        21         4        14
        38       105       109       104        89        97
        39        84        65        18        46        96
        40        92        90        60        71         8
        41        33        76        11       101        78
        42        51       122        38        87       112
        43        80        32        13        91       105
        44       121        74        52         1       108
        45       118        25        75       116        28
        46        15        34        32        83        65
        47        14        56        30        51       119
        48        70        87        56        54        77
        49        72        41        61        11        33
        50       107        37       120        94        57
        51        48        79        60        56       109
        52        74       117        99        95        31
        53        39        36        98        75        65
        54        12         8        57       123         5
        55        67        77        97        87        63
        56       119        52        30        74       117
        57        21        14        12        70        82
        58        89        38         8        34        18
        59        61        84        15        55        46
        60       116        11        90        16       122
        61        55        72        10       106        77
        62        47        56        93        23       119
        63       108         2       114       121        77
        64        35       108       117        85        29
        65        96        15        10        73       106
        66        81       125        19       113        20
        67        63        97       109       108         2
        68       118         6         3       101        22
        69       119        44        48        79         1
        70        86        75        56        65        47
        71        53        59        39         6        36
        72        24       112        10        55       122
        73       103       106        57        10        66
        74        99        95         8        71        78
        75        93        39       117        62        65
        76       114         1        16        60         8
        77        29        87       111        20         5
        78        63        33       104       114         2
        79        60        71        99        56        90
        80        91        50         9       107        37
        81        19        68         3        10        69
        82        49        66        20        72        97
        83        64       102        98        23        88
        84        46        18        34        15       124
        85        73        20        69        49       103
        86        65        46        39        15        19
        87       111        54       109        59         8
        88        21        64       115        35        70
        89        54        16        94        30         8
        90        71        36        53        59        98
        91         9        13       121        31         2
        92        58       100        89        22        28
        93         3        19        56        96        36
        94        97        12        57        37        54
        95         5        40       111        92        58
        96        68        73        66        81         6
        97       109        85        42        49        54
        98         7       102        95       120        92
        99         7        71         6        59        53
       100        80       105       104        27        43
       101       112        11        10        43       122
       102       120        92        23        58        27
       103        45        14        25        47        57
       104       105        76        89        58        32
       105        26        89        54        58        78
       106        43        45       112       118        80
       107        27       102       120        88        12
       108        77         8        74        52        16
       109        42        54        94        57         8
       110         6       104       105         3        53
       111        42        59       109        71        61
       112       122        43        80       124        32
       113        28        62       120        45       116
       114        94        89       121         1       104
       115        50       103        45       107        25
       116        90       124        71        25        40
       117        93        31        83         3        19
       118       101        22        28        10        11
       119        48        79        60        70        87
       120        27        23        62        28       117
       121         1        81        66        41        19
       122        38       124        45       105        89
       123        23         4       117        62       107
       124        45        18       101       115        34
       125       113        47        62        28        56
