         1       121        76         9        24       114
         2         9        63        91        31        78
         3        93        68       117        81       110
         4        27       123        37       120        12
         5        95         8        17         7        54
         6       110        68         7        10        99
         7        98        99        33        74         3
         8        54       108       109        58        74
         9        91        31         4        80         3
        10        24        61        72       101       118
        11        60       101        41        49       118
        12        54        94        37       107        57
        13        32        91         7        43        31
        14        57        47       103        62        37
        15        46        17        65        59        86
        16         8        89        76        54       108
        17        34        13        18        32         7
        18        84       124        39        58        59
        19        81        93       121       117        66
        20        29        85        82        77        35
        21        57        88        23        37       103
        22       118        27        28       107        92
        23       123       120        62       102        83
        24         6        72       110        49        61
        25        45        36       103        28       115
        26       105        32        15       100        38
        27       120       107       100        28       102
        28       113       118       120        45       125
        29        35        77         2        64       119
        30        16        47        56        89        12
        31         3       117        23        91        93
        32        15        43        46       112       106
        33        41        78        24        26        49
        34        18        46       124        84        58
        35         2        64         9        88        77
        36        90        53         6        28        40
        37        50         2        94       115        80
        38       122        58        42        11        92
        39        53        75        71        25        86
        40        16        95         7        89       102
        41         1        24        49       121         6
        42       109       111        97         5        14
        43       112       106       101        26       100
        44        33        69        41        20        19
        45       124       103       106       115       122
        46        84        86        39        59        64
        47        62       125       103        70         4
        48       119        51        29        69        42
        49        20        82        29        14        97
        50       115        80        21        43       100
        51        42        14        47        11       111
        52        30        56        44       108        62
        53        71         6         3        90       110
        54        89        87       109       105        48
        55        61        17        72        59        26
        56        47        62        70        93        51
        57        37        94       109       103        54
        58         5        92       105       102        95
        59        71       111        99         5        87
        60        79       119        51        76        40
        61        15        59        49       111        46
        62       113       120        30        25       123
        63        78        67        35        26        44
        64        83        88        12        31        23
        65        39        86        70        46        75
        66         1        82       121        96        76
        67        55        26       105        49        32
        68        96        10        81       121        65
        69        19        20        81        85        93
        70        48        21       119        51        57
        71        90        99        79       111        40
        72        49        61        82        15        20
        73        85        96        35        19        65
        74        52        44       108        33        56
        75        25        70        36        45        53
        76       104        41       110        11       121
        77        55       108        64        61        48
        78        26         7        41       105        74
        79       119        51        69        14        47
        80        43       100       112       106        28
        81        66       121        96        31        82
        82        14        11         1        57        41
        83        31       117        13        46         3
        84        39        59        75        53       111
        85        35        97        64         2        82
        86        70        29        64        35        75
        87        48        77        42       119        51
        88        12        23       107        54        83
        89        58       105       114        38         5
        90        40       116        60        16        79
        91        80        22        27        43       118
        92        40       102        16        95        98
        93       117        75        62        23        64
        94       114       109        89         2        38
        95         7        74         8        98        52
        96        65        19        93        39        86
        97        94        67        38        82        55
        98         3        53        13        36        83
        99        74        33        79        52       108
       100        22        92        28       118       102
       101       118        24       124        41       106
       102        98        34       107        83         3
       103       115        73        18        96        70
       104       110       100        78        38        22
       105       104        38       100       122       110
       106        10        73        61        24        65
       107        50        23       115       123        80
       108        63        64        44        67        78
       109        97        38        14        87       111
       110        13         7        22        33        91
       111         5        87        95        77         8
       112       101        72       106        10        42
       113        25       125        27       103         4
       114        76         4        63        78       105
       115        21        18       124        88       106
       116        60        28        45        79       101
       117        23        52        64       123        75
       118        45        68       106       103        96
       119        56        69        62        47        19
       120       102        36       107       113        34
       121         9        44         4       114        91
       122       112        11        42       101        72
       123        12        30        54        94        37
       124       116       122       106       112       103
       125         4        66         1       123       103
