0.13267009
0.30426880
0.00666719
0.48987899
0.54474800
0.55029422
0.44990648
0.54902830
0.04350274
0.67131863
0.40566618
0.49149293
0.97316264
0.49823408
0.50870763
0.09992986
0.97603061
0.87229903
0.22150857
0.47612508
0.17734560
0.41535645
0.51548680
0.83110516
0.43507300
0.40407824
0.60727032
0.96517977
0.69996129
0.90668952
0.07788759
0.55843594
0.62781352
0.23623491
0.07820360
0.47367926
0.87153124
0.95370591
0.01700895
0.48256195
0.86948564
0.55748547
0.17824161
0.65560934
0.52897892
0.40870788
0.51511122
0.31599840
0.70940438
0.44730750
0.80438880
0.87179486
0.65308016
0.31586690
0.19329732
0.29800490
0.54343511
0.53874444
0.34032811
0.19379269
0.52226773
0.72049175
0.30301294
0.22553612
0.72523689
0.47452627
0.10419088
0.34619159
0.70711202
0.24590907
0.33456082
0.21305018
0.07326865
0.73356776
0.66348069
0.75300393
0.19615393
0.84721822
0.93505810
0.13776277
0.96359884
0.15784521
0.95660547
0.37686025
0.19743726
0.90946964
0.62269244
0.53815263
0.03112405
0.28922878
0.70398665
0.30284817
0.71560623
0.20269949
0.75612175
0.62394500
0.77566472
0.61676366
0.07658363
0.56761062
0.75110017
0.59511641
0.82269365
0.40626189
0.38193858
0.44857824
0.66773420
0.97740298
0.28699903
0.58283831
0.57472020
0.52067701
0.43996316
0.94974810
0.08150119
0.67177231
0.65299151
0.38956451
0.37513086
0.49940575
0.28108158
0.32807263
0.46032924
0.78514774
0.84037636
