0.72662040
0.15480082
0.98416662
0.67190911
0.72449412
0.73314266
0.64844710
0.95584143
0.28217350
0.43047407
0.71414752
0.44544901
0.46772843
0.45770286
0.62049473
0.91138162
0.99448293
0.52491554
0.76568783
0.63983757
0.10820785
0.44850174
0.62274160
0.39615329
0.47558832
0.08405146
0.24744817
0.94126547
0.18532450
0.93152361
0.62048828
0.36095759
0.93869627
0.78870896
0.52460468
0.42461563
0.83001367
0.48787296
0.84459445
0.60538824
0.14734451
0.62522994
0.77807069
0.32333963
0.67839788
0.13486646
0.69659758
0.34943608
0.48244019
0.13306821
0.17988847
0.87031481
0.33523080
0.80460097
0.96798789
0.61470596
0.18915114
0.05258145
0.07550858
0.82402231
0.05416370
0.92278907
0.19863693
0.44088356
0.91568140
0.66956749
0.63755993
0.30026587
0.35833733
0.66723129
0.16411579
0.79937172
0.18460439
0.12981054
0.36236955
0.70923010
0.87140376
0.99147240
0.83438182
0.45052670
0.40454962
0.76265410
0.89794549
0.50316865
0.69964446
0.78652564
0.21909678
0.17355548
0.46054392
0.44132463
0.63958705
0.21802858
0.18354749
0.19959586
0.38900563
0.29547056
0.39482182
0.92688923
0.58082185
0.12923608
0.87272215
0.05920450
0.59670372
0.61095294
0.74883214
0.45276563
0.90665250
0.16681868
0.92842729
0.78730196
0.06379545
0.18822438
0.12134831
0.71919779
0.09747187
0.57057650
0.17850713
0.48722027
0.55158445
0.32899233
0.27815265
0.80363658
0.30924967
0.84363004
0.25929808
