         1        66        41        81        49       113
         2        35        37        97        94        29
         3        98        31        53       102         9
         4       125         9       121        31       113
         5       111        58        59        89        42
         6        53        24        99         3         7
         7        95       110        40        33        78
         8         5        16        30        95       123
         9       121         2         1       114        63
        10        68       106       112         6       101
        11        82       122        38        76         1
        12       123        88        21        30         4
        13       110        98         7         3        83
        14        82        51       109        49        79
        15        61        32        26        72        55
        16        30        40        60       123        90
        17        15        55         5        61        32
        18       115        34       103        50        17
        19        69        96        68        75        73
        20        69        49        44        67        72
        21        70       115       103        75        50
        22       100        91        28       110        80
        23       117        88       107        21        31
        24        41        10       101         1        68
        25        75       113        28        62        93
        26        78        67        43        63        55
        27        22         4       100        91        80
        28       116        36       100        27        90
        29        20        86        48        49        46
        30       123        52        56         4       117
        31        83         9        64        81       121
        32        26        13        67       110        78
        33        99        44        74         1        71
        34        17       102       120        15        92
        35        29        85        73        86        20
        36       120        25        98        23       107
        37        57        12        94        14        73
        38       105       109        42        89        54
        39        84        65        10        61        18
        40        92        90        74        60       100
        41        33        76        11        99        82
        42       122        51        87       124        48
        43        32        80        91        13       105
        44       121        74        52        95         1
        45       118        25        28       116        75
        46        34        15        83        65        17
        47        14        56        51        30        57
        48        87        70       111        75        54
        49        72        41        11        33        97
        50        37       107        57        43        12
        51        48        60        79        11        87
        52       117        74        93        95        31
        53        39        36        98        65       120
        54        12         8       109         5        58
        55        67        77        72        97         5
        56        52       119        48        70       117
        57        14        21        12        51        70
        58        89        38        94       114        16
        59        84        61        46        55        10
        60       116        11        90        76        82
        61        55        10        72        49        68
        62        47        56        93       120        30
        63         2       108       114        35        77
        64       108        35        77        85        29
        65        96        15        10        17       106
        66       125        81        96        19       113
        67        63        97       109         2       108
        68         6       118        53       101        99
        69       119        44        48        79         1
        70        86        75        93        47        25
        71        59        53        39        84        61
        72       112        24        10        43        67
        73       103       106        66        57        45
        74        95        99         7        71         5
        75        93        39        62        56         3
        76         1        16       114        66        30
        77        29        87        35        20         5
        78        63        33         2       104       114
        79        60        71       116        59        11
        80        50        91        37        13        32
        81        19        68        96         3        69
        82        49        66        72        81         1
        83        64        23        98       102        88
        84        46        18        34        17        61
        85        73        20        37        69       106
        86        46        65        39        34        19
        87       111        54        12         5        59
        88        21        64        70       115        35
        89        94        16       114        54        30
        90        71        36        53       120        59
        91        13         9        31        32       121
        92        58       100        89       104        38
        93         3        19        56        96        69
        94        12        97        54       109        57
        95        40         5       111        90        17
        96        68        73         6       118       103
        97       109        85        42        57        82
        98       102         7        95        34        92
        99         7        71        59        53        90
       100        80       104       105        50        76
       101       112        11       122        43        41
       102       120        92        23        27       100
       103        45        14        47        25        57
       104        76       105        26        38         1
       105        26        89        58       114        32
       106        43        45       112       101       118
       107        27       102        88        12        22
       108        77         8        74        87        29
       109        42        57       122        21        87
       110         6       104         3       105        24
       111        59        42        61       122        71
       112        43       122        80        42        38
       113        62        28        27       116       120
       114        94         4       121         1        12
       115        50       103        45        80        37
       116        90       124       101        18        25
       117        93        31        83        64         3
       118       101        22        28        91       100
       119        48        79        60        87        29
       120        23        27       107        22       117
       121         1        81        41        66        19
       122       124        38       105        45        18
       123         4        23       107        62         9
       124        18        45       115       101       106
       125       113        47        30        28         1
