         1       121        76        24         9       114
         2        63         9        78        67        91
         3        93         6        81       110        75
         4       123        27       114        30        12
         5        95         8        17        54        87
         6        68       110        96        10        13
         7        99        98        13         6        74
         8        54       108        58        87       109
         9        31         4        91       123         3
        10        61        24        72        65        39
        11        60       101        41        51        49
        12        54        94        37        57       107
        13        91        32        43        80        22
        14        57        47       103        62        37
        15        17        46        65        34        86
        16        89        76         8        58       105
        17        34        46        84        65         7
        18       124        84        39       116        21
        19        81        93        86       121        66
        20        29        85        82        77        35
        21        88        57        12        23       109
        22        27       118       120       113       107
        23       120       123        83       102        36
        24        72         6       110        49        61
        25        36        45       103       116       106
        26        32       105       104        15        38
        27       120       107       113        28       102
        28       113        22        25       118        45
        29        35        77         2       108        64
        30        16       125         8        62        47
        31         3       117        91        52         4
        32        43        15        91       105        46
        33        41        78        49         7        24
        34        46        18        84        86       124
        35        64         2        63        88        77
        36        90        53        28        75        62
        37        50         2        80        85       115
        38       122        58       104        11        92
        39        53        75        71        86         6
        40        95        16         7        89         8
        41         1        24        49       121         6
        42       109       111        38        97       112
        43       112       106        26       101        72
        44        69        33        20        41        19
        45       103       124       106       115       122
        46        84        86        59        39        29
        47        62       125       103        70       113
        48       119        51        29        56        69
        49        82        20        61        14        29
        50        80       115       100        18        21
        51        42        14        47        57       111
        52        56        30        44         8        47
        53        71         6        90         3        75
        54        87        94        89        38        48
        55        61        17        59        26        15
        56        47        62        30        75        93
        57       109        37       103        94        50
        58        92         5       105       102        40
        59        71       111         5        99        90
        60        79        51       119        16        40
        61        15        59       111        39        46
        62       113        75        25       123        52
        63        67        78        26        44         9
        64        83        88       117        31        12
        65        39        86        53        46        70
        66         1        82       121        76        73
        67        26        55        78        32        49
        68        96        10        81        24        61
        69        19        20        81        29        93
        70        21        48        88       103        56
        71        90        99        79        33       111
        72        49        61        82        55        15
        73        85        96        37        35        19
        74        44        52       108        33         8
        75        25        70        21        45        48
        76       104        41        11        60       100
        77       108        55        64        48        63
        78        26         7        32       105        41
        79       119        51        69        14        99
        80       100        43       112       115        22
        81       121        66        82        31        44
        82        14        11        57        47        41
        83        31       117        46        13        52
        84        59        39        71       111        53
        85        35        97        64         2        82
        86        70        29        75        48        35
        87        48        77        42       108        51
        88        23        12       107        83        94
        89        58       105        38        92         5
        90       116        40        60        28        99
        91        80        22        43       118        27
        92        40       102        28        16        95
        93       117        75        62        52        70
        94        89       114         2        37        58
        95        74         7         8        98        44
        96        19        65        81        66        93
        97        67        94         2        49        89
        98         3        13        36        83        53
        99        33        74         6        41        68
       100        22        92        27        28        40
       101       118        24       124       116       106
       102        34        98       107        83         3
       103       115        73        21        18        96
       104       100       110        78        92        22
       105        38       104       100       122       110
       106        73        10       124        65       115
       107        50       120        23       123        36
       108        64        63       117        83        78
       109        97        38        94        54        14
       110        13         7        22        32        91
       111        87         5        95        48         8
       112       101        72        10       106       124
       113       125        25        45         4        66
       114        89        76       105        63        78
       115        21        18       124        88        57
       116        28        60        45       113        79
       117        52        23       120       123        56
       118        68        45        96       103       106
       119        69        56        62        51        19
       120       102        36        62        34        90
       121         9        44       114         4        91
       122        42       112        11       101       111
       123        30        12         8        16        94
       124       122       116        42        28        11
       125        66         4        82       123        27
