0.23214046
0.90093144
0.12471580
0.53189896
0.52091275
0.29962478
0.95526999
0.46413243
0.16932696
0.59271051
0.28629079
0.73472933
0.98194326
0.60898565
0.22801611
0.45337914
0.67796360
0.43986064
0.73044153
0.63626657
0.66707636
0.31082739
0.03788414
0.70340345
0.61540719
0.22368051
0.63659748
0.75724571
0.68974387
0.38009686
0.28244563
0.23068196
0.80115162
0.87924248
0.02352406
0.21954246
0.31603799
0.74810357
0.06475617
0.60675150
0.61758341
0.45572988
0.44249275
0.89485894
0.35089926
0.53180602
0.92942546
0.19200806
0.94440791
0.35586958
0.07971887
0.87458320
0.79014494
0.52685354
0.39565162
0.43444777
0.71456242
0.31651045
0.74350232
0.50271703
0.39509946
0.69989121
0.67984318
0.44414260
0.79579461
0.73637753
0.34625137
0.64855554
0.26277343
0.69691758
0.33178867
0.30186269
0.32020951
0.51012865
0.25676531
0.13656036
0.75171724
0.02224577
0.79741115
0.09981249
0.90585284
0.47981846
0.89307866
0.00662949
0.54867298
0.96808561
0.06669921
0.53694117
0.18852515
0.34741912
0.58788990
0.03243487
0.55487571
0.50747471
0.39630618
0.76898017
0.79407349
0.38664708
0.33703719
0.84807175
0.64153472
0.11402496
0.24925920
0.50405402
0.85484393
0.94567171
0.52838422
0.88338539
0.25196977
0.34533374
0.48429903
0.16402206
0.39528744
0.80888113
0.78695457
0.19113905
0.11726329
0.90694962
0.33000073
0.47596731
0.37465348
0.50146892
0.66842765
0.48700694
0.51610534
