0.89052056
0.72762944
0.74965772
0.75318903
0.77039926
0.43850008
0.06495189
0.97518134
0.53496546
0.81682630
0.55907759
0.72534120
0.50688698
0.83819137
0.28990717
0.51949378
0.99420267
0.23738922
0.23382739
0.06643366
0.27852435
0.76600208
0.59367803
0.78610530
0.43738940
0.86559562
0.37424366
0.91533557
0.75306895
0.38665020
0.02059511
0.26704747
0.73696755
0.71017443
0.83245523
0.56768954
0.59889374
0.46086183
0.24230017
0.34582093
0.09335903
0.59307432
0.37549276
0.49475329
0.74376263
0.98466703
0.98059154
0.10340976
0.79122240
0.17012598
0.54161372
0.66292362
0.63922267
0.04044751
0.84162178
0.61204133
0.96716452
0.61240077
0.88300678
0.77133427
0.35498999
0.91072466
0.37491928
0.53659550
0.17731718
0.61669077
0.34621526
0.70504518
0.75844179
0.63940230
0.49785963
0.57391953
0.69453357
0.81768080
0.24017856
0.51398205
0.17895794
0.91942755
0.18799293
0.12496198
0.85139585
0.38510778
0.97672651
0.67432571
0.86470700
0.83142010
0.12200899
0.59614540
0.62018728
0.01612574
0.98834012
0.04284021
0.50511248
0.74256974
0.28971574
0.62194043
0.46250286
0.93383672
0.73504975
0.51940920
0.25669887
0.34225429
0.70705232
0.95053655
0.01195763
0.76151103
0.96607287
0.61698539
0.67318877
0.69693700
0.42689392
0.77964205
0.40489771
0.84319151
0.24116402
0.09207724
0.83334268
0.66251240
0.13891353
0.73512706
0.30190232
0.25365220
0.11695141
0.12158837
0.21892631
