         1       121        76        44         9       114
         2         9        63        67        91        31
         3        93         6        68        81        13
         4        27       123        37        30       107
         5        95         8        17        87       108
         6       110        68        99        96         7
         7        99        98        13        33        74
         8        54       108        58        74       109
         9        31        91         4        44         3
        10        24       101        72        65        61
        11       101        60        42        41       118
        12        54        37        94        87       109
        13        91        32        31        80        22
        14        47       103        57       125        37
        15        46        17        65        84        43
        16        89         8        76        38        62
        17        34        18        13        95         7
        18       124        84        39       116       122
        19        81        93       121       117        75
        20        85        29        82        35        77
        21        57        88        12        50        23
        22       118        27        91        45        68
        23       123       120        52        83        12
        24        72         6        49        33         1
        25        45        36       103        28       125
        26       105        32       104        15        55
        27       107       120        80        28       113
        28       113        22       120        36       118
        29        35        77         2        64       119
        30        16        62        89        56         8
        31       117         3        23         4        81
        32        43        15        17       106        46
        33        41        78        26        74       104
        34        46        18       124        84        86
        35         2        64        86         9        63
        36        90        53       116        93        40
        37        50        94         2       115        80
        38       122        58        11        97        92
        39        53        75        86        59        71
        40        95        16         8         7        58
        41        24         1        49       101        72
        42       109       111       112        38        87
        43       106       112        73        72       101
        44        33        69        19        41        78
        45       124       103       106       115        73
        46        84        86        88        39        64
        47       125         4       103       113        57
        48       119        51        29        42        69
        49        20        82        61        11        85
        50       115        80       100        57        18
        51        42        14        47       109       111
        52        30        56        16        44       108
        53        71         6         3        93        79
        54        89       109        87       105        77
        55        61        17        32       111        59
        56        62        47        93        75        19
        57        37       103        85        94        12
        58        92         5       102       111        28
        59        71       111        79        99        90
        60        79        76       119        51        42
        61        59        15       111        71        17
        62       113        47       120        23        52
        63        67        78        26        44         9
        64        88        83        86        12        31
        65        86        39        75        70        53
        66         1        82       121        11        73
        67        26        55       105        77        49
        68        10        96        81       121        45
        69        19        20        85        56        93
        70        48        21       119        25        51
        71        90        99        79        40        74
        72        49        61       101        20        82
        73        96        85        19        65        57
        74        52        44       108        78        56
        75        70        25        36        62        45
        76        41       104        24       110        49
        77       108        55        61         5        63
        78        26       114         7       105        41
        79        51       119        14        99        90
        80       100        43       115       112       106
        81       121        66        96        44        82
        82        14        11        97        47       101
        83        31        13        46        34         3
        84        39        59        25        21        75
        85        35        97         2        64        94
        86        70        29        48        19        21
        87        77        48        51        55       119
        88        23        12        83       120        54
        89        58       105        38       114         8
        90        40       116        53        95        60
        91        80        27        31       100        43
        92        40       102        22        28        16
        93        75       117        62        25        70
        94       114         2       109        89        50
        95         7        74         8        52        54
        96        65        19        66        93        20
        97        94        67        55       114        11
        98         3        83        53        13        36
        99        74        33       108        90        52
       100        92        22        28        27       102
       101        24       118        49       122       124
       102       107        98        34        83         3
       103        73       115        96        18        66
       104       110       100        78        13        22
       105        38       104       100       122       110
       106        73        10       112        85        96
       107        50        23        12       115        37
       108        63        64        67        78        83
       109        97        38        57        89        14
       110        13        22         7        91        32
       111         5        87        77        95         8
       112        72       101        10        26        61
       113        25       125       103        45        36
       114        76       121       105       104        63
       115        21        18       106        57        88
       116        28        60        45        25        79
       117        23        52       123        83        64
       118        68        45        96        27       124
       119        56        69        62        20        19
       120       102        36       113       107        34
       121        44         9         4        91        69
       122        42       112        11        72       111
       123        12        30        62        37        54
       124       122       116        42        28        11
       125        66         4       123         1        82
