         1        66        41       125        24        81
         2        35        37        94        29        85
         3        31        98        53         9       102
         4       125         9        47       121        31
         5       111        58        77        38        42
         6        24        53         3        39        41
         7        95        78       110        40         5
         8        16        95         5        40        30
         9       121         2         1        35        81
        10        68       106       112         6        96
        11       122        82        38        49       124
        12       123        88       107        57        21
        13       110        98        83       104         7
        14        82        51       109        79        48
        15        61        32        72        26        13
        16        30        40        52        92       123
        17        15        55         5        32        61
        18       115        34        17       103        50
        19        69        96        73        56        44
        20        49        69        72        96        44
        21       115        70        84        86        46
        22       100       110        28        92       104
        23       117        88       107        62        31
        24        41       101        10        76        99
        25       113        75        93        84       116
        26        78        67        33        63       112
        27         4        22       100        91       110
        28       116       100        27        92       124
        29        20        86        48        65        49
        30        52       123        74         4       117
        31        83         9        13        91         2
        32        13        26        55       105       110
        33        44        99        24       121         1
        34        17       102       120        83        55
        35        85        29        20        73        48
        36        25       120        75        28       113
        37        57        12       107        14       123
        38       105       109        89        16       104
        39        65        84        18        46        96
        40        92        90        71       100        60
        41        33        76        44        99        11
        42       122        51       124        11        60
        43        32        80        15        13        50
        44       121        74         1        52         9
        45        25       118        75       116       113
        46        34        15        83        32        61
        47        14        56        62        30        51
        48        70        87        75        54        86
        49        72        41        24       101        10
        50        37       107        94        21       102
        51        48        79        87        60        70
        52        74       117        23        95        62
        53        39        36        98        90        65
        54        12         8        94        95       123
        55        77        67        87        97        72
        56       119        52        30        69        74
        57        21        14       109       115        50
        58        89        38         8       105        40
        59        61        84        72        39        55
        60       116        11        16       122        90
        61        55        72        10        77        49
        62        30        56       123        93        75
        63       108         2        77       114        35
        64       108        35        85       117        29
        65        96        15        10        73        17
        66       125        81        96        47       103
        67        63        97       108       109         2
        68       118         6         3        22       101
        69        44       119       121        79        48
        70        86        75        65        93        56
        71        59        53        61        39         6
        72        24       112        10       122        41
        73       106       103        43        66        45
        74        99        95         8        71        33
        75        93        39        65        56        84
        76       114         1        60        16        66
        77        87        29       111        54        20
        78        33        63       104        74        44
        79        60        71        59        53        56
        80        50        91        27        13       107
        81        19        68         3        31        10
        82        66        49        20        72         1
        83        64        98       102       117        88
        84        18        46        34        15       115
        85        20        73       106        57        69
        86        65        35        39        46        64
        87        54       111        12         5        89
        88        64        21        46       115       107
        89        16        54        94        30       109
        90        71        36        79        75        59
        91        13         9        22       121       110
        92        58       100        38        89        80
        93        19         3        53        56        36
        94        97        37        12        57        85
        95        40         5       111        17        90
        96        73        68        81       103         6
        97       109        85        38        82        54
        98         7       102       107        95        92
        99         7        71         6        59        79
       100        80       104       105        50        91
       101        11       112        10        72        41
       102       120        92        58       100        23
       103        14        45        25        57       113
       104       105        76        26       114        33
       105        26        89       114        54        67
       106        43        45       115        32        80
       107       102        27       120        92        22
       108        77        74         8        99         5
       109        54        42        94         8        51
       110       104         6       105         3        76
       111        42        59        61       122        55
       112       122        43        42       106        80
       113        62        28       120        47        30
       114        94        78        89         1        97
       115        50       103        45        80        37
       116       124        90        36        18        71
       117        31        93        75        19         3
       118        22       101        10        28       100
       119        48        79        60        70        87
       120        23        27        62        28        88
       121        81         1       114        66        19
       122        38       124       105       101        89
       123        23         4       125       117         9
       124        18        45        34       115       101
       125        47       113        14        62        30
