0.08886863
0.26351839
0.13017726
0.92331345
0.19478395
0.54810838
0.86586007
0.80268490
0.24524880
0.33580139
0.07054762
0.74053887
0.96197483
0.71394573
0.22853324
0.65651254
0.97253506
0.20534056
0.08950863
0.31705566
0.22550282
0.92153821
0.47759175
0.84454800
0.57105542
0.69826528
0.08936276
0.82202580
0.79750233
0.42030750
0.23725710
0.63074139
0.24802059
0.06365043
0.57024887
0.03763885
0.67892063
0.92075142
0.35100886
0.18285617
0.93817503
0.56109456
0.11648528
0.74110690
0.42208161
0.49369657
0.78389279
0.05073302
0.60846085
0.00004636
0.30263630
0.47591098
0.58823613
0.28324005
0.48723843
0.54013258
0.32744548
0.83479110
0.16188497
0.15327216
0.08306942
0.85514716
0.33525105
0.30820454
0.80314836
0.55960303
0.36315142
0.34187401
0.39712981
0.33552450
0.54735582
0.31007679
0.64469027
0.48339462
0.47732856
0.06614760
0.10340543
0.88774029
0.97612923
0.04778232
0.91701065
0.88380505
0.97952709
0.40795685
0.48933830
0.01827489
0.34686534
0.63432172
0.65102909
0.29494022
0.67246567
0.47968628
0.88557075
0.48034369
0.67276136
0.60098935
0.92457548
0.43184813
0.00468707
0.83316550
0.65434602
0.11684968
0.85126499
0.08161592
0.29486694
0.37584800
0.72384156
0.94023021
0.84605854
0.80021278
0.17241900
0.52533650
0.30978094
0.84251886
0.16433700
0.62500379
0.56021432
0.16711262
0.06200589
0.18962892
0.44664219
0.46885801
0.22918966
0.82818053
0.74464822
