0.08886863	0.93438234	1        0.000000e+00        0.000000e+00        0.000000e+00        0.000000e+00        0.000000e+00        0.000000e+00        0.000000e+00        0.000000e+00        0.000000e+00
0.26351839	0.88094822	2        1.085744e+01        1.730102e-01       -2.889676e-01        2.889676e-01       -1.135031e+00       -8.649685e-01       -1.524085e+00        3.270792e-01       -6.591162e-01
0.13017726	0.99410150	3        0.000000e+00        0.000000e+00        0.000000e+00        0.000000e+00        0.000000e+00        0.000000e+00        0.000000e+00        0.000000e+00        0.000000e+00
0.92331345	0.54170419	4        1.180487e+01        1.027052e+00       -2.986295e-01        2.986295e-01       -1.346879e+00       -6.531208e-01       -1.112975e+00        3.989494e-01       -4.598538e-01
0.19478395	0.52773046	5        1.147803e+01        4.305948e-01        6.183907e-01       -6.183907e-01       -2.082269e+00        8.226861e-02       -7.897909e-01       -3.152340e-01       -8.720596e-01
0.54810838	0.36006593	6        1.119479e+01        2.083895e-01        1.393484e-01       -1.393484e-01       -1.831209e+00       -1.687911e-01       -9.728924e-01        3.407146e-01       -8.041013e-01
0.86586007	0.04817495	7        0.000000e+00        0.000000e+00        0.000000e+00        0.000000e+00        0.000000e+00        0.000000e+00        0.000000e+00        0.000000e+00        0.000000e+00
0.80268490	0.96572916	8        0.000000e+00        0.000000e+00        0.000000e+00        0.000000e+00        0.000000e+00        0.000000e+00        0.000000e+00        0.000000e+00        0.000000e+00
0.24524880	0.19922325	9        0.000000e+00        0.000000e+00        0.000000e+00        0.000000e+00        0.000000e+00        0.000000e+00        0.000000e+00        0.000000e+00        0.000000e+00
0.33580139	0.21630718	10        0.000000e+00        0.000000e+00        0.000000e+00        0.000000e+00        0.000000e+00        0.000000e+00        0.000000e+00        0.000000e+00        0.000000e+00
0.07054762	0.81382190	11        0.000000e+00        0.000000e+00        0.000000e+00        0.000000e+00        0.000000e+00        0.000000e+00        0.000000e+00        0.000000e+00        0.000000e+00
0.74053887	0.76593035	12        0.000000e+00        0.000000e+00        0.000000e+00        0.000000e+00        0.000000e+00        0.000000e+00        0.000000e+00        0.000000e+00        0.000000e+00
0.96197483	0.82042929	13        0.000000e+00        0.000000e+00        0.000000e+00        0.000000e+00        0.000000e+00        0.000000e+00        0.000000e+00        0.000000e+00        0.000000e+00
0.71394573	0.67997454	14        0.000000e+00        0.000000e+00        0.000000e+00        0.000000e+00        0.000000e+00        0.000000e+00        0.000000e+00        0.000000e+00        0.000000e+00
0.22853324	0.17261152	15        0.000000e+00        0.000000e+00        0.000000e+00        0.000000e+00        0.000000e+00        0.000000e+00        0.000000e+00        0.000000e+00        0.000000e+00
0.65651254	0.15860469	16        0.000000e+00        0.000000e+00        0.000000e+00        0.000000e+00        0.000000e+00        0.000000e+00        0.000000e+00        0.000000e+00        0.000000e+00
0.97253506	0.96930678	17        0.000000e+00        0.000000e+00        0.000000e+00        0.000000e+00        0.000000e+00        0.000000e+00        0.000000e+00        0.000000e+00        0.000000e+00
0.20534056	0.63593437	18        1.135566e+01        1.839296e-01        2.445076e-01       -2.445076e-01       -1.774565e+00       -2.254354e-01       -7.379454e-01        6.937219e-02       -5.125100e-01
0.08950863	0.75702457	19        1.107289e+01        5.632355e-02       -1.407184e-01        1.407184e-01       -8.991507e-01       -1.100849e+00       -1.014451e+00        6.389372e-01        8.639798e-02
0.31705566	0.71161630	20        1.109994e+01       -1.057798e-01        7.575343e-03       -7.575343e-03       -8.353092e-01       -1.164691e+00       -1.685601e+00        3.272942e-02       -5.209098e-01
0.22550282	0.36457783	21        1.104035e+01        1.305885e-01       -4.813475e-02        4.813475e-02       -1.148031e+00       -8.519688e-01       -1.293142e+00        3.598952e-01       -4.411728e-01
0.92153821	0.53873323	22        0.000000e+00        0.000000e+00        0.000000e+00        0.000000e+00        0.000000e+00        0.000000e+00        0.000000e+00        0.000000e+00        0.000000e+00
0.47759175	0.26041116	23        1.085889e+01        2.466351e-01        1.443613e-01       -1.443613e-01       -1.276099e+00       -7.239009e-01       -1.525375e+00        9.462144e-02       -8.014745e-01
0.84454800	0.01923639	24        1.200848e+01       -9.445941e-01        1.579888e-01       -1.579888e-01       -7.874800e-01       -1.212520e+00       -1.673292e+00       -5.033318e-01       -4.607717e-01
0.57105542	0.62836868	25        1.092425e+01        4.982330e-01        1.551275e-01       -1.551275e-01       -1.864989e+00       -1.350111e-01       -7.157113e-01        4.407156e-01       -5.807003e-01
0.69826528	0.50394202	26        1.117465e+01        6.576561e-01        3.044907e-02       -3.044907e-02       -9.021077e-01       -1.097892e+00       -1.394729e+00       -4.360993e-01       -2.968368e-01
0.08936276	0.40655782	27        0.000000e+00        0.000000e+00        0.000000e+00        0.000000e+00        0.000000e+00        0.000000e+00        0.000000e+00        0.000000e+00        0.000000e+00
0.82202580	0.94511871	28        0.000000e+00        0.000000e+00        0.000000e+00        0.000000e+00        0.000000e+00        0.000000e+00        0.000000e+00        0.000000e+00        0.000000e+00
0.79750233	0.65410766	29        1.132520e+01       -6.607984e-01        3.314669e-03       -3.314669e-03       -1.207469e+00       -7.925305e-01       -1.063575e+00        3.961448e-01       -2.710442e-01
0.42030750	0.97137847	30        0.000000e+00        0.000000e+00        0.000000e+00        0.000000e+00        0.000000e+00        0.000000e+00        0.000000e+00        0.000000e+00        0.000000e+00
0.23725710	0.21853654	31        1.099543e+01        1.794673e-01        5.816749e-02       -5.816749e-02       -1.053593e+00       -9.464067e-01       -1.662950e+00        6.756007e-01       -7.165428e-01
0.63074139	0.40117442	32        1.102862e+01       -6.158245e-01        4.901107e-02       -4.901107e-02       -1.946639e+00       -5.336055e-02       -1.103764e+00       -4.584481e-01       -1.050403e+00
0.24802059	0.91281418	33        0.000000e+00        0.000000e+00        0.000000e+00        0.000000e+00        0.000000e+00        0.000000e+00        0.000000e+00        0.000000e+00        0.000000e+00
0.06365043	0.42837176	34        0.000000e+00        0.000000e+00        0.000000e+00        0.000000e+00        0.000000e+00        0.000000e+00        0.000000e+00        0.000000e+00        0.000000e+00
0.57024887	0.28894321	35        1.095729e+01        1.950300e-01        3.700506e-01       -3.700506e-01        2.028020e-02       -2.020280e+00       -1.862925e+00        3.299270e-01        1.573554e-01
0.03763885	0.53379305	36        0.000000e+00        0.000000e+00        0.000000e+00        0.000000e+00        0.000000e+00        0.000000e+00        0.000000e+00        0.000000e+00        0.000000e+00
0.67892063	0.19600465	37        0.000000e+00        0.000000e+00        0.000000e+00        0.000000e+00        0.000000e+00        0.000000e+00        0.000000e+00        0.000000e+00        0.000000e+00
0.92075142	0.87557214	38        0.000000e+00        0.000000e+00        0.000000e+00        0.000000e+00        0.000000e+00        0.000000e+00        0.000000e+00        0.000000e+00        0.000000e+00
0.35100886	0.72141624	39        1.088606e+01        2.402460e-01        4.520122e-02       -4.520122e-02       -1.045306e+00       -9.546939e-01       -1.694493e+00       -1.382003e-01       -7.397988e-01
0.18285617	0.72125359	40        0.000000e+00        0.000000e+00        0.000000e+00        0.000000e+00        0.000000e+00        0.000000e+00        0.000000e+00        0.000000e+00        0.000000e+00
0.93817503	0.15389504	41        0.000000e+00        0.000000e+00        0.000000e+00        0.000000e+00        0.000000e+00        0.000000e+00        0.000000e+00        0.000000e+00        0.000000e+00
0.56109456	0.32256621	42        1.110180e+01       -4.228797e-01       -6.661299e-02        6.661299e-02       -1.262696e+00       -7.373039e-01       -8.551084e-01        4.202328e-01       -1.178045e-01
0.11648528	0.88108654	43        1.156389e+01        4.810469e-01        6.915538e-01       -6.915538e-01       -1.368562e+00       -6.314382e-01       -1.273395e+00       -4.948668e-01       -6.419567e-01
0.74110690	0.52726602	44        0.000000e+00        0.000000e+00        0.000000e+00        0.000000e+00        0.000000e+00        0.000000e+00        0.000000e+00        0.000000e+00        0.000000e+00
0.42208161	0.05142707	45        0.000000e+00        0.000000e+00        0.000000e+00        0.000000e+00        0.000000e+00        0.000000e+00        0.000000e+00        0.000000e+00        0.000000e+00
0.49369657	0.61463363	46        0.000000e+00        0.000000e+00        0.000000e+00        0.000000e+00        0.000000e+00        0.000000e+00        0.000000e+00        0.000000e+00        0.000000e+00
0.78389279	0.38399664	47        1.116546e+01        6.745176e-01       -1.211752e-01        1.211752e-01       -3.199745e-01       -1.680025e+00       -1.908701e+00        8.882408e-01       -2.286757e-01
0.05073302	0.42475905	48        1.086667e+01        2.228608e-01        3.759239e-01       -3.759239e-01       -9.469033e-01       -1.053097e+00       -1.242811e+00        6.816362e-01       -1.897139e-01
0.60846085	0.01478704	49        1.151909e+01        3.276016e-01       -3.054479e-01        3.054479e-01       -1.049738e+00       -9.502619e-01       -1.155977e+00       -3.316880e-01       -2.057146e-01
0.00004636	0.17653026	50        1.126719e+01       -1.978485e-01       -4.678391e-02        4.678391e-02       -7.524468e-01       -1.247553e+00       -1.415632e+00        5.104729e-02       -1.680789e-01
0.30263630	0.80642346	51        0.000000e+00        0.000000e+00        0.000000e+00        0.000000e+00        0.000000e+00        0.000000e+00        0.000000e+00        0.000000e+00        0.000000e+00
0.47591098	0.11229547	52        1.183353e+01       -1.150205e-01        2.317550e-01       -2.317550e-01       -1.697240e+00       -3.027596e-01       -1.286502e+00        9.990449e-02       -9.837427e-01
0.58823613	0.41101843	53        0.000000e+00        0.000000e+00        0.000000e+00        0.000000e+00        0.000000e+00        0.000000e+00        0.000000e+00        0.000000e+00        0.000000e+00
0.28324005	0.54597403	54        1.103231e+01        4.588211e-01        2.912355e-01       -2.912355e-01       -1.474901e+00       -5.250992e-01       -1.269483e+00       -2.654253e-01       -7.443840e-01
0.48723843	0.94505468	55        0.000000e+00        0.000000e+00        0.000000e+00        0.000000e+00        0.000000e+00        0.000000e+00        0.000000e+00        0.000000e+00        0.000000e+00
0.54013258	0.95375447	56        0.000000e+00        0.000000e+00        0.000000e+00        0.000000e+00        0.000000e+00        0.000000e+00        0.000000e+00        0.000000e+00        0.000000e+00
0.32744548	0.91886129	57        0.000000e+00        0.000000e+00        0.000000e+00        0.000000e+00        0.000000e+00        0.000000e+00        0.000000e+00        0.000000e+00        0.000000e+00
0.83479110	0.17254869	58        0.000000e+00        0.000000e+00        0.000000e+00        0.000000e+00        0.000000e+00        0.000000e+00        0.000000e+00        0.000000e+00        0.000000e+00
0.16188497	0.23317829	59        0.000000e+00        0.000000e+00        0.000000e+00        0.000000e+00        0.000000e+00        0.000000e+00        0.000000e+00        0.000000e+00        0.000000e+00
0.15327216	0.97648528	60        0.000000e+00        0.000000e+00        0.000000e+00        0.000000e+00        0.000000e+00        0.000000e+00        0.000000e+00        0.000000e+00        0.000000e+00
0.08306942	0.48957695	61        0.000000e+00        0.000000e+00        0.000000e+00        0.000000e+00        0.000000e+00        0.000000e+00        0.000000e+00        0.000000e+00        0.000000e+00
0.85514716	0.96828766	62        0.000000e+00        0.000000e+00        0.000000e+00        0.000000e+00        0.000000e+00        0.000000e+00        0.000000e+00        0.000000e+00        0.000000e+00
0.33525105	0.45266975	63        1.182643e+01       -1.023722e-01        2.529924e-02       -2.529924e-02       -1.571158e+00       -4.288418e-01       -1.202032e+00        3.065741e-02       -7.731900e-01
0.30820454	0.69454303	64        1.205180e+01       -2.936666e-01       -2.015381e-01        2.015381e-01       -1.174501e+00       -8.254992e-01       -1.273938e+00       -5.428470e-01       -4.484393e-01
0.80314836	0.53881496	65        1.165187e+01        4.536666e-01       -3.641471e-01        3.641471e-01       -2.070339e+00        7.033866e-02       -1.080844e+00        6.111487e-01       -1.151183e+00
0.55960303	0.91255259	66        0.000000e+00        0.000000e+00        0.000000e+00        0.000000e+00        0.000000e+00        0.000000e+00        0.000000e+00        0.000000e+00        0.000000e+00
0.36315142	0.11903911	67        1.126601e+01        4.464821e-01        1.555944e-01       -1.555944e-01       -1.440606e+00       -5.593940e-01       -9.552056e-01       -3.747123e-02       -3.958116e-01
0.34187401	0.61940681	68        1.124358e+01        3.090252e-01        2.747639e-02       -2.747639e-02       -1.227672e+00       -7.723281e-01       -8.511927e-01        3.970666e-01       -7.886457e-02
0.39712981	0.37138775	69        1.127727e+01        4.175975e-01       -1.582160e-02        1.582160e-02       -1.207115e+00       -7.928849e-01       -1.105914e+00       -4.833767e-03       -3.130291e-01
0.33552450	0.40040378	70        1.146947e+01        3.158088e-02        1.168498e-02       -1.168498e-02       -4.695979e-01       -1.530402e+00       -1.613150e+00       -3.977293e-01       -8.274817e-02
0.54735582	0.27955527	71        0.000000e+00        0.000000e+00        0.000000e+00        0.000000e+00        0.000000e+00        0.000000e+00        0.000000e+00        0.000000e+00        0.000000e+00
0.31007679	0.48218938	72        0.000000e+00        0.000000e+00        0.000000e+00        0.000000e+00        0.000000e+00        0.000000e+00        0.000000e+00        0.000000e+00        0.000000e+00
0.64469027	0.44701713	73        1.199019e+01       -5.241851e-01       -1.571344e-01        1.571344e-01       -1.000778e+00       -9.992222e-01       -1.600928e+00       -4.451447e-01       -6.017061e-01
0.48339462	0.80399555	74        0.000000e+00        0.000000e+00        0.000000e+00        0.000000e+00        0.000000e+00        0.000000e+00        0.000000e+00        0.000000e+00        0.000000e+00
0.47732856	0.49513869	75        1.181386e+01        8.257690e-02       -1.945236e-01        1.945236e-01       -1.334227e+00       -6.657733e-01       -1.315071e+00       -2.261695e-01       -6.492981e-01
0.06614760	0.93409208	76        0.000000e+00        0.000000e+00        0.000000e+00        0.000000e+00        0.000000e+00        0.000000e+00        0.000000e+00        0.000000e+00        0.000000e+00
0.10340543	0.67851775	77        1.169798e+01        1.625927e-01        3.103216e-01       -3.103216e-01       -1.167383e+00       -8.326170e-01       -1.256662e+00       -4.355793e-01       -4.240453e-01
0.88774029	0.99091378	78        0.000000e+00        0.000000e+00        0.000000e+00        0.000000e+00        0.000000e+00        0.000000e+00        0.000000e+00        0.000000e+00        0.000000e+00
0.97612923	0.12059214	79        0.000000e+00        0.000000e+00        0.000000e+00        0.000000e+00        0.000000e+00        0.000000e+00        0.000000e+00        0.000000e+00        0.000000e+00
0.04778232	0.29949491	80        1.095829e+01        7.582574e-02        1.478440e-01       -1.478440e-01       -1.591359e+00       -4.086407e-01       -9.877281e-01       -1.080198e-01       -5.790874e-01
0.91701065	0.33434622	81        0.000000e+00        0.000000e+00        0.000000e+00        0.000000e+00        0.000000e+00        0.000000e+00        0.000000e+00        0.000000e+00        0.000000e+00
0.88380505	0.82197699	82        0.000000e+00        0.000000e+00        0.000000e+00        0.000000e+00        0.000000e+00        0.000000e+00        0.000000e+00        0.000000e+00        0.000000e+00
0.97952709	0.96263927	83        0.000000e+00        0.000000e+00        0.000000e+00        0.000000e+00        0.000000e+00        0.000000e+00        0.000000e+00        0.000000e+00        0.000000e+00
0.40795685	0.48295760	84        1.124251e+01        1.666951e-01       -1.725060e-01        1.725060e-01       -1.917604e-01       -1.808240e+00       -1.953208e+00        2.895076e-01       -1.449680e-01
0.48933830	0.87811938	85        0.000000e+00        0.000000e+00        0.000000e+00        0.000000e+00        0.000000e+00        0.000000e+00        0.000000e+00        0.000000e+00        0.000000e+00
0.01827489	0.46419305	86        1.195442e+01        2.369629e-01        2.471897e-03       -2.471897e-03       -4.649724e-01       -1.535028e+00       -1.652265e+00       -8.318181e-01       -1.172375e-01
0.34686534	0.66181587	87        1.138814e+01       -2.027769e-03       -2.059971e-01        2.059971e-01       -8.281559e-01       -1.171844e+00       -1.754206e+00       -1.484116e-01       -5.823620e-01
0.63432172	0.20195209	88        1.157285e+01       -5.396717e-01        7.436586e-02       -7.436586e-02       -2.255159e+00        2.551591e-01       -9.438962e-01       -1.910662e-01       -1.199055e+00
0.65102909	0.22683216	89        0.000000e+00        0.000000e+00        0.000000e+00        0.000000e+00        0.000000e+00        0.000000e+00        0.000000e+00        0.000000e+00        0.000000e+00
0.29494022	0.33748197	90        1.129209e+01       -1.632077e-01       -3.235653e-02        3.235653e-02       -1.420047e+00       -5.799527e-01       -1.412429e+00       -3.163330e-01       -8.324763e-01
0.67246567	0.92625253	91        0.000000e+00        0.000000e+00        0.000000e+00        0.000000e+00        0.000000e+00        0.000000e+00        0.000000e+00        0.000000e+00        0.000000e+00
0.47968628	0.22782132	92        1.142386e+01       -3.807861e-01        1.756074e-01       -1.756074e-01       -1.764221e+00       -2.357792e-01       -8.849694e-01       -2.700160e-01       -6.491901e-01
0.88557075	0.68765749	93        1.126923e+01       -2.128463e-01        5.004185e-01       -5.004185e-01       -4.408479e-01       -1.559152e+00       -1.431387e+00        2.010388e-01        1.277649e-01
0.48034369	0.45823760	94        0.000000e+00        0.000000e+00        0.000000e+00        0.000000e+00        0.000000e+00        0.000000e+00        0.000000e+00        0.000000e+00        0.000000e+00
0.67276136	0.69684664	95        1.120247e+01        2.552672e-01       -1.819058e-01        1.819058e-01       -7.184732e-01       -1.281527e+00       -1.823417e+00       -2.279572e-01       -5.418901e-01
0.60098935	0.07143124	96        1.122078e+01       -2.359664e-01        1.809281e-01       -1.809281e-01       -2.084574e+00        8.457359e-02       -1.113324e+00       -4.435769e-01       -1.197898e+00
0.92457548	0.15854344	97        0.000000e+00        0.000000e+00        0.000000e+00        0.000000e+00        0.000000e+00        0.000000e+00        0.000000e+00        0.000000e+00        0.000000e+00
0.43184813	0.93712343	98        0.000000e+00        0.000000e+00        0.000000e+00        0.000000e+00        0.000000e+00        0.000000e+00        0.000000e+00        0.000000e+00        0.000000e+00
0.00468707	0.84693799	99        0.000000e+00        0.000000e+00        0.000000e+00        0.000000e+00        0.000000e+00        0.000000e+00        0.000000e+00        0.000000e+00        0.000000e+00
0.83316550	0.51467128	100        0.000000e+00        0.000000e+00        0.000000e+00        0.000000e+00        0.000000e+00        0.000000e+00        0.000000e+00        0.000000e+00        0.000000e+00
0.65434602	0.85586763	101        1.210496e+01        9.359910e-01        8.713794e-02       -8.713794e-02       -1.003815e+00       -9.961853e-01       -1.171555e+00        1.564765e-01       -1.753695e-01
0.11684968	0.58569893	102        0.000000e+00        0.000000e+00        0.000000e+00        0.000000e+00        0.000000e+00        0.000000e+00        0.000000e+00        0.000000e+00        0.000000e+00
0.85126499	0.47997708	103        0.000000e+00        0.000000e+00        0.000000e+00        0.000000e+00        0.000000e+00        0.000000e+00        0.000000e+00        0.000000e+00        0.000000e+00
0.08161592	0.46385939	104        0.000000e+00        0.000000e+00        0.000000e+00        0.000000e+00        0.000000e+00        0.000000e+00        0.000000e+00        0.000000e+00        0.000000e+00
0.29486694	0.14933086	105        0.000000e+00        0.000000e+00        0.000000e+00        0.000000e+00        0.000000e+00        0.000000e+00        0.000000e+00        0.000000e+00        0.000000e+00
0.37584800	0.67800102	106        1.288978e+01       -6.622237e-01       -4.394786e-01        4.394786e-01       -1.765342e+00       -2.346579e-01       -1.163514e+00       -1.163785e-03       -9.288561e-01
0.72384156	0.92931663	107        0.000000e+00        0.000000e+00        0.000000e+00        0.000000e+00        0.000000e+00        0.000000e+00        0.000000e+00        0.000000e+00        0.000000e+00
0.94023021	0.34726225	108        0.000000e+00        0.000000e+00        0.000000e+00        0.000000e+00        0.000000e+00        0.000000e+00        0.000000e+00        0.000000e+00        0.000000e+00
0.84605854	0.92570284	109        0.000000e+00        0.000000e+00        0.000000e+00        0.000000e+00        0.000000e+00        0.000000e+00        0.000000e+00        0.000000e+00        0.000000e+00
0.80021278	0.80395203	110        0.000000e+00        0.000000e+00        0.000000e+00        0.000000e+00        0.000000e+00        0.000000e+00        0.000000e+00        0.000000e+00        0.000000e+00
0.17241900	0.00362586	111        1.052617e+01        1.554265e-01        3.906438e-01       -3.906438e-01       -1.918048e+00       -8.195223e-02       -1.252813e+00       -1.386695e-01       -1.170861e+00
0.52533650	0.35308989	112        1.133106e+01       -3.501491e-02        3.627402e-01       -3.627402e-01       -1.151664e+00       -8.483364e-01       -1.572443e+00       -2.231575e-01       -7.241063e-01
0.30978094	0.40116378	113        0.000000e+00        0.000000e+00        0.000000e+00        0.000000e+00        0.000000e+00        0.000000e+00        0.000000e+00        0.000000e+00        0.000000e+00
0.84251886	0.70276647	114        0.000000e+00        0.000000e+00        0.000000e+00        0.000000e+00        0.000000e+00        0.000000e+00        0.000000e+00        0.000000e+00        0.000000e+00
0.16433700	0.38111765	115        1.110154e+01        2.370743e-01        1.042843e-01       -1.042843e-01       -2.073361e+00        7.336083e-02       -1.181807e+00       -2.964019e-01       -1.255168e+00
0.62500379	0.14353670	116        0.000000e+00        0.000000e+00        0.000000e+00        0.000000e+00        0.000000e+00        0.000000e+00        0.000000e+00        0.000000e+00        0.000000e+00
0.56021432	0.74277366	117        1.073545e+01        3.837705e-01       -1.226073e-01        1.226073e-01       -5.795209e-01       -1.420479e+00       -1.663222e+00       -1.756993e-01       -2.427430e-01
0.16711262	0.38112853	118        1.102361e+01        7.082474e-01        1.530149e-01       -1.530149e-01       -1.149536e+00       -8.504638e-01       -1.464511e+00        7.550426e-01       -6.140472e-01
0.06200589	0.32832017	119        1.100552e+01       -4.321782e-01       -6.357031e-02        6.357031e-02       -1.136277e+00       -8.637232e-01       -7.071638e-01        1.912216e-01        1.565594e-01
0.18962892	0.50064852	120        1.211062e+01       -7.226519e-01        1.457656e-01       -1.457656e-01       -7.749639e-01       -1.225036e+00       -1.577659e+00        6.036208e-01       -3.526230e-01
0.44664219	0.71339061	121        1.086144e+01       -3.311929e-01        1.103455e-02       -1.103455e-02       -3.724920e-01       -1.627508e+00       -1.845933e+00        2.252813e-01       -2.184247e-01
0.46885801	0.05827499	122        0.000000e+00        0.000000e+00        0.000000e+00        0.000000e+00        0.000000e+00        0.000000e+00        0.000000e+00        0.000000e+00        0.000000e+00
0.22918966	0.61831969	123        1.098427e+01       -3.971800e-01       -1.883478e-01        1.883478e-01       -1.478993e+00       -5.210072e-01       -1.052117e+00        6.806402e-01       -5.311094e-01
0.82818053	0.58638419	124        0.000000e+00        0.000000e+00        0.000000e+00        0.000000e+00        0.000000e+00        0.000000e+00        0.000000e+00        0.000000e+00        0.000000e+00
0.74464822	0.66689956	125        1.111693e+01        4.568858e-01       -2.772237e-01        2.772237e-01       -1.475852e-01       -1.852415e+00       -1.671140e+00       -2.305032e-01        1.812751e-01
