0.93438234
0.88094822
0.99410150
0.54170419
0.52773046
0.36006593
0.04817495
0.96572916
0.19922325
0.21630718
0.81382190
0.76593035
0.82042929
0.67997454
0.17261152
0.15860469
0.96930678
0.63593437
0.75702457
0.71161630
0.36457783
0.53873323
0.26041116
0.01923639
0.62836868
0.50394202
0.40655782
0.94511871
0.65410766
0.97137847
0.21853654
0.40117442
0.91281418
0.42837176
0.28894321
0.53379305
0.19600465
0.87557214
0.72141624
0.72125359
0.15389504
0.32256621
0.88108654
0.52726602
0.05142707
0.61463363
0.38399664
0.42475905
0.01478704
0.17653026
0.80642346
0.11229547
0.41101843
0.54597403
0.94505468
0.95375447
0.91886129
0.17254869
0.23317829
0.97648528
0.48957695
0.96828766
0.45266975
0.69454303
0.53881496
0.91255259
0.11903911
0.61940681
0.37138775
0.40040378
0.27955527
0.48218938
0.44701713
0.80399555
0.49513869
0.93409208
0.67851775
0.99091378
0.12059214
0.29949491
0.33434622
0.82197699
0.96263927
0.48295760
0.87811938
0.46419305
0.66181587
0.20195209
0.22683216
0.33748197
0.92625253
0.22782132
0.68765749
0.45823760
0.69684664
0.07143124
0.15854344
0.93712343
0.84693799
0.51467128
0.85586763
0.58569893
0.47997708
0.46385939
0.14933086
0.67800102
0.92931663
0.34726225
0.92570284
0.80395203
0.00362586
0.35308989
0.40116378
0.70276647
0.38111765
0.14353670
0.74277366
0.38112853
0.32832017
0.50064852
0.71339061
0.05827499
0.61831969
0.58638419
0.66689956
