         1        66        41        24        82        33
         2        37        35        29        85        57
         3        31        98        53       102         9
         4       125         9       121        47        12
         5        58       111        59        42        89
         6        53        24         3        41        10
         7        95       110        13        78        40
         8        16         5        40        30        89
         9         2       121         1        35        81
        10       106        68       112        65        39
        11       122        82        76        51        38
        12       123        88       107        23        64
        13       110        98        83        17         6
        14        82        51       109        49        79
        15        32        61        26        72        59
        16        30        40        60        52        90
        17        15        55         5        32        40
        18       115        34       103        50       102
        19        69        96        73       119        68
        20        49        69        67        44        72
        21       115        70        75        50        18
        22       100        91       110        28       104
        23       117        88       107        21        83
        24        41        10       101       118        99
        25       113        75        62        47        93
        26        78        67       104        63        33
        27         4        22        28       100       125
        28       116       100        25        36        80
        29        20        86        48        49        69
        30       123        52        56        12         4
        31         9        83        13       121        64
        32        13        26       110        78        55
        33        44        99         7       110        74
        34       102        17       120         5        15
        35        29        85        73        20        48
        36        25       120        98        75       102
        37        57        12        85        21        73
        38       105       109        97        89       104
        39        84        65        18        86        46
        40        90        92        71        58        36
        41        33        76        11       101        82
        42        51       122        87        38       112
        43        32        80        13        26        91
        44       121        74       108        78         1
        45        25       118        75       113        28
        46        15        34        32        83        65
        47        56        14        51        30       119
        48        87        70        54       111        75
        49        72        41        33        97        67
        50        37       107       120        57        27
        51        79        48        87        60       109
        52        74       117        44        93        99
        53        39        36        98        75        65
        54        12         8        57        94       123
        55        67        77        97       111        26
        56       119        52        48        70        79
        57        21        14        12        70       115
        58        89        38        16        94         8
        59        61        84        55        46        39
        60       116        11        90        40        30
        61        72        55        10        39        24
        62        47        93        56        30        23
        63       108         2       114        35        37
        64        35       108       117        85        29
        65        96        15       106        32        17
        66        81       125        96       113        19
        67        97        63       109         2        35
        68       118         6         3       101        53
        69       119        44        79       121        56
        70        86        75        47        25        65
        71        59        53        39       111        84
        72       112        24        10        43        55
        73       103       106        57        66        45
        74        99        95         8        40        71
        75        93        39        62        56        86
        76         1        16       114        66        60
        77        29        87         5       111        20
        78        63        33       104       114        67
        79        60        71       116        11        30
        80        50        91         9        37       107
        81        19        68         3        69        31
        82        49        66        72        20        81
        83        64       102        88        34        98
        84        46        18        34       124       115
        85        73        20       103        69        29
        86        65        46        19        35        96
        87       111        54        59       109        12
        88        21        64       115        70       123
        89        16        54        94        30       109
        90        36        71        53        59        99
        91         9        13       121        31         2
        92        58       100        89        22         5
        93         3        19        56        96        98
        94        97        12        37        57        88
        95        40         5       111        17        99
        96        68        73        81         6       118
        97       109        85        42        57        82
        98       102         7        95       120        92
        99        71         7         6        59        53
       100        80       105       104        50        43
       101       112        11        10       122        43
       102       120        92        23        27        58
       103        45        14        47        25       124
       104        76       105       114         1        89
       105        26        89        58        54       114
       106        43        45       112       118       124
       107        27       102       120        88        22
       108        77        74         8        52        29
       109        42        54        94        57       111
       110         6       104        53        76        24
       111        42        59        61       122        51
       112        43       122        80        38        32
       113        62        28        27        47       116
       114        94        89         4       121         1
       115       103        50        45        37       107
       116        90       124        36        25        45
       117        93        31        83         3         9
       118       101        22        28       100       112
       119        48        79        60        87        70
       120        23        27       113        62        28
       121         1        81        66        41        19
       122        38       124       105        45        18
       123         4        23       107       117        62
       124        45        18       101       115        34
       125       113        47        28        30        25
