         1       121        76         9       125       114
         2         9        63        91        78        31
         3        93         6        75       117        81
         4       123        27       114        30       107
         5        95         8        17         7        77
         6       110        68        99        96         7
         7        99        98        33        53        17
         8        54       108        74       109        58
         9        31        91         4        80         3
        10        61        24        72       101         6
        11        60       101        41        79        49
        12        54        94        37        57        30
        13        32        91         7        31        43
        14        57        47       103        62        37
        15        17        46        65        43        34
        16         8        89        76        58        54
        17        34        13        95        61        65
        18        84       124        39        58        38
        19        81        93        86        75       121
        20        29        85        82        77        35
        21        57        88        23       103        37
        22       118        27       107        92        45
        23       120       123        62       102        12
        24        72         6         1        61       110
        25        45        36       103        70        28
        26       105        32        15        43        55
        27       107       120       113       102        36
        28       113        27        22       118       125
        29        35        77         2        64        85
        30        16        62        47        89       125
        31         3       117        91        23        81
        32        15        43        46        17        65
        33        41        78        49        76         1
        34        18        46        84        83       124
        35         2        64        63         9        86
        36        90        53       116        28         6
        37        50         2        94        80       115
        38       122        58        42        11       112
        39        53        75        71        61        59
        40        95        16         7         8        74
        41         1        24        49       121         6
        42       111       109        97         5        14
        43       112       106       101        72       100
        44        69        33        52        20        19
        45       124       103       106       115       122
        46        84        86        59        39        64
        47        62       125       103        70       113
        48       119        51        56        29        69
        49        20        82        29        14        85
        50        80       115       100        21        18
        51        42        14        47        11       111
        52        30        56        62       108         8
        53         6        71        90         3       110
        54        87        89       109        48       105
        55        61        17        59        72        32
        56        47        62        75        30        93
        57        37       109        94        54         2
        58         5        92       105       102        40
        59       111        71         5        99        90
        60        79       119        16        51        76
        61        15        59       111        46        49
        62       113       120        25        75       123
        63        78        67        26         9        44
        64        83        88        31        77        12
        65        39        86        10        46        53
        66         1        82       121        76        73
        67        26        55        78        49        20
        68        96        10        81        65       110
        69        19        20        85        81        29
        70        48        21       119        56        88
        71        99        90        79        40        74
        72        49        61        82        15        20
        73        85        96        19        35        37
        74        52        44       108        33         7
        75        25        70        36        45        53
        76       104        41       110        11       105
        77       108        55        48        63        61
        78        26         7       105        32        44
        79       119        51        56        69        14
        80       100        43       112        28       115
        81        66       121        96        82         1
        82        14        11         1        41        97
        83        31        13       117        46        23
        84        39        59        53        75        71
        85        35        97         2        64        37
        86        70        29        75        39        77
        87        48        77        51        42       119
        88        23        12       107        83        94
        89        58       105       114        38        92
        90        40       116        60        95        79
        91        80        22        43       118       100
        92        40       102        16       107        98
        93       117        75        62        23        52
        94       114        89       109        58        54
        95         7        74        98         8        52
        96        65        19        66        93        39
        97        67        94        38        49        55
        98         3        53        13        36       107
        99        74        33        90        24        95
       100        22        92        28        27       118
       101       118        24       124        41        72
       102        98        34       107        83         3
       103       115        73        18        85        96
       104       110       100        78        26        38
       105       104        38       100       122       110
       106        10        73       101        65        61
       107        50        23        12       123        80
       108        63        64        44        78        83
       109        97        14        38        67        51
       110        13         7        22        33        32
       111         5        87       109        71        77
       112        72       101       106        10        42
       113        25       125       120        45       103
       114        76        63       104        78       105
       115        21        18       124        88        57
       116        60        28        79       113       101
       117        23        52       123        64       120
       118        68        45       106        24        96
       119        56        69        47        62        19
       120       102        36       107        34        50
       121         9        44         4        91       114
       122        42       112        11       101       111
       123        12        30        54        94        37
       124       122       116       103       106        84
       125         4        66       123       103        27
