0.98542437
0.72235786
0.96684811
0.70677764
0.55168197
0.42376584
0.89070160
0.98238957
0.24220996
0.05154119
0.74241078
0.30666022
0.82000072
0.68461941
0.59522530
0.54239906
0.96201778
0.61926273
0.39271207
0.69580438
0.49732236
0.46004890
0.50079372
0.68462985
0.46306179
0.40717886
0.98047990
0.04709231
0.36425101
0.16326000
0.40997891
0.60076670
0.02904267
0.75535394
0.51004013
0.26033125
0.49128614
0.04945572
0.40522671
0.04246235
0.23058219
0.50814138
0.39084832
0.38748640
0.62568438
0.50140863
0.98284477
0.41281436
0.82665673
0.07047682
0.76035838
0.30366966
0.78679558
0.37078320
0.53256876
0.97680358
0.80794777
0.81468550
0.91134679
0.96046091
0.26768704
0.96776181
0.02978980
0.87562133
0.52591856
0.09552068
0.84915945
0.11838229
0.29518109
0.37331014
0.05567342
0.30539767
0.14860682
0.42734575
0.74603214
0.59491658
0.39595183
0.56688058
0.45907845
0.31178970
0.86278427
0.43590811
0.13007469
0.05809693
0.86618948
0.41129548
0.12421855
0.48900044
0.60469537
0.17862314
0.60941950
0.43119304
0.61590953
0.22404696
0.21877369
0.08900449
0.91145841
0.57740853
0.83365025
0.34770829
0.22554804
0.11023258
0.78608901
0.81265889
0.56077743
0.14033155
0.98376868
0.11755141
0.05329096
0.71123044
0.75735814
0.78643755
0.55573978
0.97956669
0.22880946
0.31051146
0.08120690
0.77114925
0.69955958
0.45238478
0.30648255
0.88592442
0.34643630
0.67312171
0.25973087
