0.38062081
0.35825560
0.65639872
0.93968279
0.10696303
0.65977135
0.84040722
0.89289757
0.49089303
0.58024978
0.78849779
0.07932686
0.46632793
0.16995133
0.63167392
0.32712894
0.51256004
0.69752777
0.17465408
0.13706053
0.22804242
0.80844635
0.35973741
0.74283486
0.70747435
0.55455191
0.18505051
0.96567638
0.87962478
0.71857265
0.36337552
0.03085491
0.39009843
0.25959322
0.29054849
0.62658016
0.39455592
0.05923067
0.20899372
0.09815183
0.19164185
0.90160613
0.35972547
0.73724515
0.72945433
0.81420272
0.85122521
0.23722208
0.42917572
0.48143647
0.51693182
0.22139718
0.40273152
0.14865869
0.86242116
0.23429096
0.15906760
0.48512697
0.35170201
0.72226763
0.34907399
0.28226682
0.40979870
0.81969607
0.54622885
0.84808825
0.91336997
0.53167047
0.58308315
0.55570321
0.69513779
0.65738022
0.36861499
0.91165505
0.08449239
0.01720128
0.26116386
0.09974178
0.33164767
0.32229273
0.26627211
0.81579956
0.52532104
0.57576786
0.55567751
0.85770094
0.29490114
0.38494766
0.56434713
0.62946223
0.68213016
0.21178798
0.53592652
0.43290705
0.44954426
0.27018486
0.72882190
0.82564543
0.62147054
0.59233775
0.73870432
0.58243166
0.60671561
0.30157887
0.44455578
0.35006605
0.30755262
0.17878976
0.51573471
0.51038000
0.98214309
0.61279557
0.68968279
0.93056032
0.58874317
0.70131964
0.69746841
0.66390340
0.34249163
0.27787206
0.38902203
0.21395513
0.77493610
0.55842923
0.51104880
