         1       121         9        44        76         4
         2        63         9        78        91        64
         3        93        68        75         6       117
         4       123        27        30       107        12
         5         8        95        17        55        54
         6       110        68        81        96        99
         7        99        98        33        74        13
         8        54        58       108        74         7
         9        91        31         4       117        44
        10        96       118       101        65         6
        11       101        60        49       118        14
        12        54        37        23       109        87
        13        32        91        31        43        15
        14        47        57       103        37       125
        15        17        65        46        34        59
        16        76        89         8        41        60
        17        34        61        13        46         7
        18        84       124        39        46       122
        19        81        93       117       121        39
        20        29        85        82        77        66
        21        88        57       103        12        18
        22       118        27        28        68        92
        23       120       123        36       102        52
        24         6        72        49        68       110
        25        45        36       115        28       106
        26        32       105        55        15       104
        27       107        28       120        50       123
        28       120       113       102        92       125
        29        77        35       108        55        85
        30        62        16        47       113        76
        31         3       117        52        23        93
        32        43        15        17       106       112
        33        78        41        24        74        26
        34        46        18         5        83       124
        35         2        64        63        70        77
        36        90        53        28        40         6
        37        94        50       114         2         4
        38       122        58         5        11        92
        39        75        53        59        70        25
        40        16        95         8         7        74
        41        49         1        24        11       101
        42       111       109        97         5        38
        43       112       106        38        72        15
        44        69        33        74        20        19
        45       124       106       115        42       116
        46        84        83        86        25        59
        47       125        66         4        82       113
        48       119        51        29        77        14
        49        20        82        69        29        67
        50        80       115       100        21        18
        51        42        14        47        56       111
        52        56        30        44       108        16
        53        71         6        79         3        99
        54        87       109        89        77       105
        55        61        17        59        34        15
        56        62        93        70        30       113
        57        37       103        97        50       115
        58        92         5       102        40        42
        59        71       111        99       124        53
        60        79        76        51        47       119
        61        15        59        71       111        65
        62       113       120       123        47        23
        63        67        78        26        55         9
        64        88        86        31        12       117
        65        39        86        75        46        53
        66        82         1       103        11       121
        67        26        55        32        77        29
        68        81        96        10       121        19
        69        20        19        85        56        93
        70        21        48        88        51        84
        71        99        90        79        40        33
        72        61        49        20        59        55
        73        96        85        19        66        57
        74        52       108        56        64        63
        75        70        25        36       113        62
        76       104        41       110        49       100
        77        55       108        63         5        17
        78        26         7        74       114        41
        79        51       119        42        14       111
        80        43       100       112        27       106
        81       121        66         3        10        31
        82        11        14        57       101        85
        83        13        31       117        32        88
        84        59        39        25        75        71
        85        35        97        57         2        64
        86        70        29        35        48        39
        87        77        48       108         5       119
        88        12        23        37        87       120
        89       105        58         8       114        38
        90       116        40        79        16        53
        91        80        22        27       118        31
        92        40       102        95        80        16
        93       117        75        36        70        52
        94         2       114        89        76        50
        95         7        74         8        98        54
        96        65        19        81        66        39
        97        94        67        82       114        14
        98         3        83        13        36        53
        99        33        24        74        90        95
       100        22        92        27        28       118
       101        24       118        72        49        45
       102        98       107        34        83        50
       103        73       115        96        25        45
       104       100       110        22        92        38
       105       104        38       100       122        58
       106        10        73        85       115        96
       107        50        23        98       115        80
       108        64        63        67        88        86
       109        38        97        58        14        89
       110        13        22        91         7        32
       111        87         5        77       109        48
       112        72       101       106        10        73
       113       125        25       103         4        66
       114        76       105       104        41         2
       115        21        18        84        88       124
       116        28        60        36        79        25
       117        23        52        44        75       120
       118        68        45        28         6        81
       119        56        69        51        62        42
       120       102        36       113        34        53
       121         9        44         4        91        69
       122       112        11        42        72       101
       123        30        12       125        37        54
       124       122       116        42       112        25
       125         4        66       103        82         1
