         1        66        41       125        82        20
         2        94        35        85        37        97
         3        31        98        53        81       102
         4       125         9       121        47       113
         5        58       111        34        87        77
         6        24        53        10         3        36
         7        95        78        40       110        17
         8         5        40        95        16        89
         9       121         2         1        63        81
        10       106        68        81       112        45
        11        82       122        41        66        38
        12       123        88        21        64       107
        13       110        83        17        98         7
        14        82        51       109        79        97
        15        61        32        26        43        13
        16        40        30        90        62        92
        17        15        55        32         5        77
        18       115        34        21        50        59
        19        69        96        73        56        44
        20        69        49        44        41        72
        21        70       115        75        50        86
        22       100       110        91       104        80
        23       117        88       107        12        62
        24       101        99        41        33        71
        25       113        75        84       116        46
        26        67        78        33        63        43
        27        22         4        91       100        80
        28       116        22        27        36       118
        29        20        86        48        49        67
        30       123        52         4        56       117
        31         9        83        64        13        81
        32        13        26        67       110        83
        33        99        44         7        71       104
        34        17       102       120        55        15
        35        85        29        86        20        73
        36       120        25        75        98        23
        37        12        57        88        14       123
        38       109       105        89        43       104
        39        65        84        18        96        86
        40        92        90        36        71        58
        41        33        76        16        78       114
        42        51       124       122        45        79
        43        32        80        13        50        91
        44       121        52       117         1         9
        45        25       118        75       101       103
        46        34        15        17        18        65
        47        14        30        51        62        60
        48        87        70        86        54        75
        49        41        72        11       101        24
        50       107        37        57        94       102
        51        79        48       119        60        70
        52        74       117        62         8        93
        53        36        39        98       120        90
        54        12         8        95         5        88
        55        77        67        26         5        29
        56       119        52        74        69        51
        57        21        14        85        82        73
        58        38        89         8       109        54
        59        61        84        39        55        72
        60       116        11        16        90        82
        61        55        72        17        77        10
        62        30        56        75       119        93
        63         2       108        77        35        94
        64       108        35        85        74        77
        65        96        15        10        17        61
        66       125        81        96        73        47
        67        63        97       108        72        20
        68       118         6         3        22        24
        69        44       119        49       121        29
        70        75        86        56        39        93
        71        53        59        84        61        39
        72       112        24       101       122        10
        73       103       106       112        45        10
        74        95        44        78        99         7
        75        39        93         3        65        84
        76        16       114        60        94        30
        77        29        87       111        54        20
        78        33        63         2       104        44
        79        60        71        53        90       116
        80        50        91       107        92        37
        81        19        68        96         6       118
        82        66        49        20        97       125
        83        46        98       102        34        17
        84        18        46        21       115        34
        85        73        20        69       106        82
        86        65        64        46       108        96
        87        54       111        88        12        64
        88        64        21       108        70       107
        89        16        54        94        87        76
        90        36        71        99       120        59
        91         9        13       110       121         2
        92        58       100       104        22       107
        93         3        19        56        69        96
        94        37        97        12        57        67
        95        40         5        99        92        17
        96        73        68        10       103         6
        97       109        85        57        42        35
        98       102         7       107        95       120
        99         7        71        59        53         6
       100       104        80       105        50        76
       101        11       112        10        41        82
       102       120        92        23        58       100
       103        57        14        66       125        21
       104        76       105        89       114        26
       105        89        26       114        54        76
       106        45        43       112        32        80
       107        27       102        22         4        37
       108        77        74        87         8        29
       109        42        54        12       111       122
       110         6       104        76         3        24
       111        42        59        61        51        79
       112       122        43       124        80        32
       113        62        28       120        75        30
       114        94        78        89        37        97
       115        50       103        45       107       106
       116        90       124        45       122        18
       117        93        31         9        64        19
       118        22       101        10        91        11
       119        48        79        87       111        60
       120        23        28        62        27       107
       121         1        81        68        66        41
       122       124        38       105        18        45
       123         4        23        62       117        27
       124        45        18        59        34       115
       125       113        47        62       123        27
