0.45198058
0.72092847
0.28103516
0.92720456
0.61941369
0.47150139
0.61432186
0.96038052
0.23701660
0.46390916
0.24762166
0.41799065
0.95806919
0.65957735
0.67891050
0.72571040
0.89755166
0.45796466
0.70298839
0.77358638
0.67392219
0.94342557
0.35582003
0.81471268
0.33037502
0.39042064
0.75093047
0.65730915
0.50457311
0.24821010
0.45365647
0.17828519
0.42098762
0.68938785
0.08084608
0.18544221
0.84823263
0.68253584
0.06739520
0.50346156
0.80577785
0.52253939
0.01634473
0.71349749
0.64454736
0.47958294
0.45427969
0.04245819
0.87294382
0.47354515
0.72773017
0.84341220
0.19905868
0.34123937
0.55994714
0.64259491
0.63464573
0.93304175
0.83147501
0.23451234
0.16344175
0.67561502
0.16252405
0.39263410
0.92293325
0.45522103
0.51970001
0.29981826
0.32180506
0.66541033
0.61154512
0.08865418
0.28389777
0.61817344
0.39321396
0.49300892
0.73070854
0.57468588
0.87339811
0.06739017
0.89935670
0.39786582
0.95284422
0.11006408
0.37736909
0.93119952
0.12253634
0.48615729
0.75292558
0.64198880
0.69741027
0.42075244
0.23135057
0.85643799
0.55605205
0.33000891
0.95654824
0.77057688
0.45739082
0.79292267
0.31702595
0.25255271
0.58340285
0.45900264
0.66461284
0.82843941
0.60436435
0.80300942
0.64313701
0.40189852
0.07171664
0.22348444
0.32281464
0.93239518
0.50598333
0.64849153
0.21061866
0.42187161
0.05781015
0.58860028
0.27797161
0.51672493
0.71378438
0.57727983
0.81387590
