0.96270732
0.44322858
0.98249906
0.77915190
0.97476115
0.22249512
0.77203144
0.92772701
0.12748668
0.17351602
0.34492693
0.92232649
0.54185207
0.34931029
0.62220057
0.87505786
0.98962049
0.14584458
0.22402777
0.34523785
0.23460219
0.68917011
0.30328842
0.15893840
0.57695758
0.48086177
0.57568682
0.89874058
0.84776798
0.96504872
0.28081727
0.23302336
0.10563229
0.27979132
0.80534721
0.37556022
0.79461542
0.87758318
0.25054074
0.23934366
0.00698385
0.56207653
0.37880441
0.37409231
0.67300264
0.83682004
0.48997907
0.02671251
0.92268015
0.18795086
0.72560434
0.70360845
0.64883343
0.41406819
0.91001764
0.85349500
0.89720718
0.36003296
0.39086193
0.87591181
0.50752636
0.93524143
0.40694884
0.13972761
0.34893737
0.57999848
0.01260487
0.41416272
0.74856479
0.70314017
0.35762430
0.40073014
0.33562015
0.89005974
0.85734270
0.69726520
0.28148007
0.98013314
0.70309333
0.28643372
0.24721601
0.44665691
0.92442563
0.79078820
0.97029837
0.09493969
0.46518866
0.08560301
0.78283222
0.64991646
0.92464571
0.44480819
0.37484101
0.84201305
0.33381795
0.79982804
0.60584793
0.94710812
0.70898316
0.56339640
0.70935018
0.27884596
0.41569566
0.68751776
0.36361213
0.50605126
0.99010460
0.33468664
0.65469591
0.79191676
0.09768597
0.09220591
0.34579634
0.81161450
0.59017532
0.18573791
0.73358829
0.61952638
0.44933952
0.75409396
0.53590317
0.10959564
0.34848203
0.36061357
0.74842256
