         1        41        66       125        24        33
         2        35        37        94        29        85
         3        31        98        53         9       102
         4       125         9       121        47       114
         5        58       111        89        77        59
         6        53        24        99         3        36
         7        95       110        13         6        40
         8        16        95        40         5        30
         9       121         2         1        35        63
        10       106        68         6       112        43
        11       122        82        38        49       124
        12       123        88       107        57        30
        13       110        98        83         3        17
        14        82        51       109        48        79
        15        61        32        26        72        43
        16        30        40        52        92        60
        17        15        55         5        32       111
        18        34       115        17       103        50
        19        69        96        73        86        75
        20        49        69        72        44       119
        21       115        70        50       103        86
        22       100       110        91        92        68
        23       117        88        21        31        12
        24        41       101        10        76       106
        25        75       113        39        62        93
        26        67        78       104        33        55
        27         4        22        91       125       110
        28       116       100        22        36        25
        29        20        86        49        65        48
        30       123        52        62        74         4
        31         9        83        13         2        81
        32        13        26        67        78        55
        33        44        99        74        24       121
        34        17       102       120         5        92
        35        85        29        20        86        73
        36        25       120       116        98       113
        37        57        12         4        14       123
        38       105       109        89       104        42
        39        65        84        18        96        46
        40        92        90        71        58        36
        41        33        76        78        11       101
        42        51       122        11        48       112
        43        80        32        13        50        91
        44       121        74        52       117        30
        45       118        25        75        28        22
        46        15        34        61        32        17
        47        14        56        30        51        82
        48        70        87        56        54       111
        49        72        41        33        10        24
        50       107        37        94        57       120
        51        48        79        60        87        70
        52        74       117        93        95         8
        53        39        36        98        90        25
        54        12         8        94         5        16
        55        67        77        72        97        87
        56       119        52        30        74        51
        57        21        14       103        70        97
        58        89        38         8       105        18
        59        61        84        15        72        46
        60       116        11        90       122       124
        61        72        55        10        17        49
        62        47        93        56        23        14
        63         2       108        35        77        37
        64       108        35        85        46        77
        65        96        15        46        10        73
        66        81       125       113        19        69
        67        63        97       109       108         2
        68       118         6        45         3       101
        69        44       119        79        48       121
        70        86        75        56        65        47
        71        53        59        39        61         3
        72       112        24        10       101       122
        73       103       106        45        66        43
        74        99        95        71         8        78
        75        39        93        36        62        65
        76       114        60         1        16         8
        77        87        29       111        86        54
        78        33        63       104       114        44
        79        60        71        99        53        56
        80        91        50         9        37        27
        81        19        68         3        96        10
        82        66        49        20        97        85
        83        64       102        98        46        88
        84        46        18        34       115        61
        85        20        73       103        49        69
        86        65        46        15        48        96
        87        54       111        42        89        12
        88        21        64       115        46        57
        89        54        16        94       114        30
        90        71        36        98        59        25
        91         9        13       121        31       110
        92        58       100        28        89         5
        93        19         3        56        96        69
        94        97        37        57        12        21
        95         5        40       111        58        17
        96        73        68        66        85         6
        97       109        85        49        42        54
        98         7       102        95       120       107
        99        71         7        90        95        59
       100        80       104       105        27        43
       101       112        11        10       124        43
       102       120        92        58        23       100
       103        45        14        25        47       113
       104       105        76       114        33        41
       105        26        89        54        67       114
       106        43        45       112       118       101
       107        27       102       120        23        88
       108        77         8        74        52        16
       109        42        54        94         8        57
       110         6       104       105         3        53
       111        42        59       122        51        71
       112       122        43        80        32        38
       113        62        28        27       120        47
       114        94       121         1        63        97
       115        50       103        45        37       107
       116       124        90        45        25        18
       117        93        31        83        75         3
       118        22       101        10        28        11
       119        48        79        60        87        70
       120        23        27        28        62         4
       121         1        81        66        41        19
       122        38       124       101       105        45
       123        23         4        62       125       117
       124        45        18       115        34       118
       125       113        47        30        28        62
