         1       121        76         9        82       114
         2         9        63        31        91        67
         3        93         6        13        81       117
         4        27       123        37       120       107
         5        95         8        17        54         7
         6       110        68         7        10        96
         7        98        99        74        33         3
         8        54       108       109        74        58
         9        31        91         4         3        80
        10        24        72        61       101       118
        11        60       101        42        41       118
        12        54        37        94        23        87
        13        32        91         7        31        43
        14        47        57       103        62        37
        15        46        17        65        59        86
        16         8        89        76        54       108
        17        34        61        18         7        95
        18        84       124        39        58       116
        19        81        93       121        62       117
        20        29        85        82        35        96
        21        57        88        23        12        37
        22       118        27        28        45       113
        23       123       120       107        62        83
        24        72         6         1        33        49
        25        45        36       103        28       116
        26       105        32        15        38       100
        27       107       120       113       100        28
        28       113       120       118        45        92
        29        35        77         2        64       119
        30        16        56        47         8        89
        31         3       117        91        23         4
        32        43        15        46        17       112
        33        41        78       104        26        49
        34        18        46       124        84        58
        35         2        64        63         9        65
        36        53        90        75        28         6
        37        50         2        94       115        80
        38       122        58        11        97       112
        39        75        53        25        71         6
        40        95        16         8         7        74
        41        24         1        49       121        72
        42       109       111        38        97        87
        43       112       106       100       101       105
        44        69        33        20        19        78
        45       124       103       106       115       116
        46        84        86        83        64        65
        47        62       125       103        70         4
        48        51       119        42        69        14
        49        20        82        97        11        61
        50       115        80        21       100        43
        51        42        14        47       109       111
        52        30        56        44       108        16
        53        71         6         3        79       110
        54        89        87       109       105        48
        55        61        17        26       111        32
        56        47        62        70        93        48
        57        37        94        12       109       115
        58         5        92        95       102        40
        59        71       111        99        90         5
        60        79        76        51       119        16
        61        15        59        46       111        65
        62       113       123       120        30        25
        63        67        78       114        55        26
        64        83        88       117        12        31
        65        86        39        70        29        75
        66         1        82        96       121        73
        67        55        26       105        61        32
        68        10        96        81        22       121
        69        19        20        93        81        85
        70        48        21        51       119        57
        71        90        99        79        74        40
        72        49        61        20        82        55
        73        96        85        19       115        65
        74        52        44       108        33        56
        75        25        70        45       117        53
        76       104        41       110        24       121
        77        55       108        63         5        64
        78        26        41         7        74        32
        79       119        51        69        14        52
        80        43       100       112       107       106
        81       121        66        82        31        93
        82        14        11        47       101        41
        83        31       117        13         3        52
        84        39        59        53        75        71
        85        35        97        82         2        64
        86        70        29        19        39        35
        87        48        77        51       119        55
        88        12        23       107        83        54
        89        58       105        38         5        87
        90        40       116        53        99        60
        91        80        22        27        43       118
        92        40       102        16        22       107
        93       117        75        62        52        25
        94       114         2        89       109        54
        95         7        74         8        99        98
        96        65        19        81        93        39
        97        94        67        82        55       114
        98         3        13        53        83        90
        99        74        33         6        79        52
       100        22        92        28       118       102
       101       118        24       122       106        72
       102        98        34       107        83         3
       103        73       115        57        18        96
       104       110       100        26        38        78
       105       104        38       100       110       122
       106        10        73       115        96        72
       107        50        12       115       123        98
       108        63        64        67        44        83
       109        97        38        14        67        89
       110        13         7        22        91        68
       111         5        87        95        77       109
       112        72       101        42       106        10
       113       125        25       103        45        36
       114        76        89       104       105        78
       115        21        18       124        88        84
       116        60        28        36        79       113
       117        23        52        44       123       108
       118        45        68       106       124       103
       119        56        69        62        47        19
       120       102        36       113       107        34
       121         9        44         4       114        91
       122       112        11        42       111        60
       123        30        12       120        16        37
       124       116       122       101       106        28
       125         4        66         1       123        27
