0.33118983
0.35876836
0.04867542
0.72824377
0.47346527
0.43623235
0.89466362
0.53162785
0.10835662
0.18794911
0.42904541
0.56210084
0.96866012
0.41882697
0.17692161
0.12347066
0.94875063
0.46923245
0.23842913
0.24898734
0.24128038
0.83725901
0.60773677
0.93470883
0.23586755
0.68884112
0.19952883
0.97455519
0.68584444
0.85286910
0.07356640
0.19129289
0.52326149
0.33223912
0.32166715
0.62966593
0.80668380
0.83767702
0.29164212
0.11867928
0.87246331
0.13278547
0.52282360
0.79340823
0.35632313
0.14057845
0.57854423
0.22389994
0.47501047
0.41665475
0.55673356
0.60422628
0.54272377
0.56698474
0.56087743
0.18116931
0.26190483
0.71592165
0.36747745
0.42171358
0.21687994
0.79700668
0.25574667
0.24789919
0.61843560
0.24512917
0.16755717
0.07268336
0.75193872
0.41495343
0.39713966
0.54662208
0.31215589
0.39244060
0.35032950
0.72236823
0.16362394
0.81697711
0.94373601
0.10777253
0.94183378
0.69155070
0.95662155
0.31194398
0.35606875
0.68909096
0.58421621
0.59494284
0.18247607
0.09950209
0.08494271
0.46485277
0.77762726
0.10696553
0.80067805
0.74419431
0.89883739
0.51586546
0.48616549
0.84268504
0.82080050
0.61282740
0.75175217
0.06877064
0.01889877
0.66470827
0.68299904
0.94639519
0.85465154
0.77333730
0.69158443
0.85035183
0.04923247
0.89307683
0.21512457
0.62880073
0.52375251
0.34726833
0.44077516
0.19537183
0.57899033
0.01462655
0.61512907
0.56074773
0.83857880
