0.87942528
0.51412033
0.98919100
0.71321740
0.49374891
0.19963665
0.59866348
0.95392021
0.60451404
0.86980702
0.89707900
0.69345472
0.69882583
0.75051686
0.31631802
0.68433963
0.97914335
0.35040631
0.69201450
0.63780409
0.26325493
0.27875695
0.55193854
0.43665037
0.45373097
0.00390699
0.30101776
0.95354482
0.36060582
0.92090853
0.18212913
0.18204079
0.93006619
0.13728074
0.09593932
0.19762860
0.29817464
0.75254612
0.84854551
0.56187596
0.15414561
0.58161790
0.86875331
0.32132574
0.04000089
0.59907037
0.55766502
0.30240577
0.18864598
0.15932009
0.37349002
0.82893499
0.16325074
0.75759303
0.91759637
0.88110358
0.62259678
0.17859224
0.33511933
0.95606515
0.12429421
0.90930816
0.10222607
0.63963652
0.84997348
0.81957620
0.26331935
0.69404435
0.46576273
0.23019829
0.19313906
0.62310958
0.47147394
0.67126226
0.51457377
0.80763573
0.85359770
0.98840501
0.44705583
0.68592632
0.18167345
0.73959006
0.97866663
0.28774610
0.88440250
0.57357091
0.04266109
0.24215211
0.22779706
0.25806674
0.91113602
0.34509373
0.76372348
0.37555204
0.37492728
0.14718054
0.37873513
0.93344182
0.25305394
0.25102110
0.90971477
0.07009145
0.67292025
0.14921711
0.02777708
0.13539738
0.89006107
0.25284788
0.84556159
0.88625173
0.13229470
0.32593098
0.18850017
0.63835416
0.40146149
0.34429882
0.37675204
0.60154958
0.35342506
0.13006999
0.52872755
0.78311214
0.52973726
0.67767507
0.20366008
