         1        66        41        24        69       125
         2        37        35        29        94        85
         3        98        31        53         9       102
         4       125         9       121        31       113
         5       111        58        59        42        89
         6        53        24        99         3        36
         7        95       110        13        40        78
         8        16         5        30        95       111
         9         2       121         1        35        81
        10        68       106        65       112         6
        11        82       122        76        38        49
        12       123        88        57       107        21
        13       110        98        17        83         6
        14        82        51       109        49        79
        15        61        32        26        72        10
        16        30        40        90        92        60
        17        15        55         5        32        61
        18       115        34       103       102        50
        19        69        96        73        68       119
        20        49        69        72        44        67
        21       115        70       103        75        50
        22       100        91       110        28       104
        23       117        88        21        31        93
        24        41       101        10       118        68
        25       113        75        27        47        93
        26        78        67       104        63        13
        27        22         4        28       100         9
        28       116       100        36        25        92
        29        20        86        48        49        64
        30       123        52        56        12        79
        31        83         9        64       121        13
        32        13        26        78        55       110
        33        99        44        24        74         7
        34       102        17       120        98        15
        35        29        85        86        73        20
        36       120        25        98        23        75
        37        57        12        14        85        21
        38       105       109        89        43       104
        39        84        65        18        46        96
        40        92        90        71        58       100
        41        33        76        11        82        99
        42        51       122        87        38       112
        43        32        80        13        50        26
        44       121        74       108        63       117
        45        25       118        75        28       113
        46        34        15        32        65        83
        47        56        14        51        30        57
        48        70        87       111        54        75
        49        72        41        67        97        33
        50        37       107        57       120        27
        51        48        79        60        87        11
        52       117        74        44        95         8
        53        39        36        98        65       120
        54        12         8        57         5       123
        55        67        77       111        72        97
        56       119        52        48        79       117
        57        14        21        82        70       115
        58        89        38        94        16         8
        59        61        84        46        10        55
        60        11       116        90        40        82
        61        10        55        72        39        68
        62        47        93        30       120        56
        63         2       108       114        35        37
        64        35       108        77        85        46
        65        96        15       106        17        68
        66        81       125       121       113        69
        67        97        63       109        35         2
        68       118         6       101        53        99
        69       119        44        48        79       121
        70        86        75        47        56        93
        71        59        53        39       111        61
        72       112        24        10        43       101
        73       103       106        66        45        57
        74        95        99         8        40         7
        75        93        39        62        56         3
        76         1        16       114        66        60
        77        29        87        20         5        86
        78        63        33       104         2       108
        79        60        71       116        11        59
        80        91        50        37       107         9
        81        19        68        96         3        69
        82        49        66        72        81        20
        83        64       102        23        98        88
        84        46        18        34        61       115
        85        73        20       103        69        49
        86        46        65        19        39        34
        87       111        54        59         5        12
        88        21        64       115        54        70
        89        16        94        54        40        30
        90        71        36        53       120        79
        91         9        13        31       121       110
        92        58       100        89        80        38
        93         3        19        96        36        56
        94        12        97       109        37        57
        95        40         5       111        90        92
        96        68        73         6        66       118
        97       109        85        42        82        54
        98       102         7       120        95        17
        99         7        71        59        53        13
       100        80       104       105        50        91
       101       112        11       122        43        10
       102       120        92        23        58       100
       103        45        14        47        25        57
       104       105        76       114        33        89
       105        26        89        58        78        16
       106        43        45       112       118       101
       107        27       102        23        88        22
       108        77        74         8        87        29
       109        42        57        54       122         8
       110         6       104        53       105        24
       111        59        42        61       109        51
       112        43       122        80        32        49
       113        62        28        27       120       116
       114        94        89         4       121         1
       115       103        50        45        37        80
       116        90       124       101        36        71
       117        93        31        83         3        64
       118       101        22        28       112        10
       119        48        79        60        70        29
       120        23        27       107        22       117
       121         1        81        41        19        68
       122       124        38        45       105        18
       123         4        23        62       107         9
       124        45        18       101       115        34
       125       113        47        30        28        62
