         1       121        76         9       114        11
         2         9        63        78        31        91
         3        93         6        75        62        81
         4       123        27       114        30       107
         5        95         8        17        87         7
         6        68       110        96         7        13
         7        99        98        33        74         3
         8        54       108        74        52        89
         9        31        91         4         3       123
        10        61        24        72       101        59
        11        60       101        41        51        79
        12        54        94        37        30        87
        13        32        91         7        43        31
        14        57        47       103        37        62
        15        17        46        65        34        59
        16        89         8        76        58       105
        17        34        13        65        98        18
        18        84       124        39        59       122
        19        81        93        86        75       121
        20        29        85        77        82        35
        21        57        88        23        12        37
        22       118        27       107       120        45
        23       120       123       107       102        83
        24         6        72        33         1       110
        25        45        36       103        28        62
        26        32       105        15        43        55
        27       107       120       113        36        25
        28       113       118        27        22       125
        29        35        77         2       108       119
        30        16        62         8       125        47
        31         3       117        91        23         4
        32        43        15        46       112        17
        33        41        78        49         1       104
        34        46        18        84       124        86
        35         2        64        63         9        88
        36        90        53        28        93         6
        37        50         2        94        80        63
        38       122        58        42        11        92
        39        53        75        71        86        61
        40        95        16         7        89        74
        41        24         1        49       121         6
        42       109       111        97         5        94
        43       112       106        38       101        72
        44        69        33        52        20         1
        45       124       103       106       115       122
        46        84        86        59        39        17
        47        62       125       103        70       113
        48       119        51        56        29        69
        49        82        20        29        14       112
        50        80       115       100        43         2
        51        42        14        47       111        57
        52        56        30        62       108        47
        53        71         6        90         3        99
        54        87       109        89        94        88
        55        61        17        59        32        15
        56        47        30        62        75        70
        57        37       109        12        94       103
        58        92         5       105       102        40
        59       111        71        87         5        99
        60        79        51       119        28        76
        61        59        15       111        46        17
        62       113        75       123       102       125
        63        67        78        26        44         9
        64        83        88       117        29        31
        65        39        86        10        46        53
        66         1        82        96        76        73
        67        26        55        49        78        20
        68        96        10        81        61        19
        69        19        20         1        93        85
        70        21        48       119        57        88
        71        90        99        79        40         6
        72        49        61        82        55        15
        73        85        96        19        35        37
        74        52        44       108        33        56
        75        25        70        45        21        36
        76       104        41        11       110       121
        77       108        55        64        48        35
        78        26         7       105        32        95
        79       119        51        30        90        69
        80       100        43       112        92       115
        81        66       121        82         1         9
        82        14        11        57        97         1
        83        31       117        13        46         3
        84        39        59        53       111        75
        85        35        97        64         2        37
        86        70        29        75        35        77
        87        48        77        42        51       108
        88        12        23       107        94        83
        89        58       105       114        38        92
        90       116        40        60        95        16
        91        80        22       100        43       118
        92        40       102        28        95        16
        93       117        75        62        23        70
        94        89       114        58         2        38
        95         7        74         8        52        98
        96        19        65        81        93        39
        97        67        94        49        38        55
        98         3        13        36        83        53
        99        74        33         6        90        41
       100        22        92        28        27        40
       101       118        24       124       106       116
       102        34        98       107        83         3
       103       115        73        18        21        85
       104       100       110        78        26        22
       105       104        38       100       122       110
       106        10        73        65       115        61
       107        50       120        12       123        80
       108        63        64        44        78        83
       109        97        38        94        14        67
       110        13         7        22        33        91
       111         5        87        71        95        48
       112       101        72       106        10       118
       113        25       125        45        36       103
       114        76        63       104        78        58
       115        21        18       124        88        57
       116        28        60        79       113        45
       117        23        52       120       123        56
       118        68        45       106        24        96
       119        69        56        47        19        51
       120       102        36        62       113        34
       121         9        44        66       114        91
       122        42       112        11       101       109
       123        12        30        54        94         8
       124       122       116       106        42        28
       125         4        66         1       123        82
