0.42824672
0.10961733
0.54039331
0.82041404
0.74141550
0.70721311
0.91514908
0.83776087
0.46379366
0.00255475
0.80529880
0.57507237
0.74207183
0.39515104
0.60066852
0.08437282
0.41091880
0.63878688
0.24292995
0.33149099
0.12431392
0.71643346
0.13529094
0.83453594
0.81398468
0.23389053
0.35500332
0.97117244
0.55175406
0.68521126
0.11534918
0.57149876
0.66234037
0.39344127
0.10463366
0.65592030
0.01452676
0.52724013
0.42200783
0.45356850
0.46311129
0.89366404
0.76842557
0.81037897
0.82741776
0.89831282
0.93134553
0.48042479
0.01949466
0.46233158
0.60149501
0.35190546
0.14453518
0.41169871
0.79524866
0.18044051
0.35072403
0.65810447
0.31429731
0.09550809
0.27171957
0.60929215
0.22855797
0.91511709
0.49195287
0.83627376
0.68006692
0.50230905
0.42822348
0.58936980
0.16158193
0.85274463
0.14963200
0.79170891
0.66381190
0.61075705
0.02966906
0.32528766
0.05189762
0.17438586
0.56052308
0.89724370
0.70800345
0.62320256
0.66890858
0.66084825
0.17592025
0.32376416
0.74089646
0.82033027
0.23530981
0.41896287
0.90044136
0.57406647
0.44203427
0.14082914
0.78169256
0.87118143
0.81451342
0.62555043
0.83375492
0.34556948
0.06120496
0.33190873
0.56832727
0.69210596
0.41478410
0.84569168
0.52787352
0.32590641
0.96177970
0.55372718
0.61940597
0.90998269
0.60768730
0.42464148
0.75212023
0.81539294
0.36392982
0.46059821
0.20458193
0.54876925
0.61279138
0.62730935
0.46507179
