0.42824672	0.98717606	1        0.000000e+00        0.000000e+00        0.000000e+00        0.000000e+00        0.000000e+00        0.000000e+00        0.000000e+00        0.000000e+00        0.000000e+00
0.10961733	0.51682477	2        1.162717e+01        2.810921e-02        1.877890e-02       -1.877890e-02       -1.538639e+00       -4.613610e-01       -1.269916e+00        6.394659e-01       -8.085555e-01
0.54039331	0.98948611	3        0.000000e+00        0.000000e+00        0.000000e+00        0.000000e+00        0.000000e+00        0.000000e+00        0.000000e+00        0.000000e+00        0.000000e+00
0.82041404	0.63337813	4        1.196639e+01        6.938845e-01       -2.236569e-01        2.236569e-01       -1.743775e+00       -2.562249e-01       -9.796308e-01        5.764714e-01       -7.234059e-01
0.74141550	0.25460732	5        0.000000e+00        0.000000e+00        0.000000e+00        0.000000e+00        0.000000e+00        0.000000e+00        0.000000e+00        0.000000e+00        0.000000e+00
0.70721311	0.29116643	6        1.165584e+01       -4.527123e-01       -4.091146e-02        4.091146e-02       -7.920278e-01       -1.207972e+00       -1.449446e+00        1.882371e-02       -2.414740e-01
0.91514908	0.96261435	7        1.199271e+01        1.412626e+00        3.148427e-02       -3.148427e-02       -2.574983e-01       -1.742502e+00       -1.919326e+00        3.109050e-01       -1.768238e-01
0.83776087	0.97643206	8        0.000000e+00        0.000000e+00        0.000000e+00        0.000000e+00        0.000000e+00        0.000000e+00        0.000000e+00        0.000000e+00        0.000000e+00
0.46379366	0.33279381	9        0.000000e+00        0.000000e+00        0.000000e+00        0.000000e+00        0.000000e+00        0.000000e+00        0.000000e+00        0.000000e+00        0.000000e+00
0.00255475	0.74199216	10        0.000000e+00        0.000000e+00        0.000000e+00        0.000000e+00        0.000000e+00        0.000000e+00        0.000000e+00        0.000000e+00        0.000000e+00
0.80529880	0.50286954	11        1.236744e+01       -5.248551e-01        3.553791e-01       -3.553791e-01       -1.150324e+00       -8.496759e-01       -1.544325e+00        3.253490e-01       -6.946491e-01
0.57507237	0.03674914	12        1.082570e+01        1.914280e-01       -5.478776e-02        5.478776e-02       -9.768959e-01       -1.023104e+00       -1.635422e+00        9.485289e-02       -6.123177e-01
0.74207183	0.64747882	13        1.119234e+01        6.632454e-02       -4.299499e-01        4.299499e-01       -1.522619e+00       -4.773814e-01       -1.406328e+00        7.107412e-01       -9.289464e-01
0.39515104	0.74237663	14        1.162118e+01        1.111380e-01        9.429846e-02       -9.429846e-02       -1.587476e+00       -4.125240e-01       -6.667618e-01        5.140323e-01       -2.542379e-01
0.60066852	0.76202094	15        0.000000e+00        0.000000e+00        0.000000e+00        0.000000e+00        0.000000e+00        0.000000e+00        0.000000e+00        0.000000e+00        0.000000e+00
0.08437282	0.72985998	16        0.000000e+00        0.000000e+00        0.000000e+00        0.000000e+00        0.000000e+00        0.000000e+00        0.000000e+00        0.000000e+00        0.000000e+00
0.41091880	0.95355203	17        0.000000e+00        0.000000e+00        0.000000e+00        0.000000e+00        0.000000e+00        0.000000e+00        0.000000e+00        0.000000e+00        0.000000e+00
0.63878688	0.54218760	18        1.143740e+01        7.857136e-02       -4.933671e-01        4.933671e-01       -1.692186e+00       -3.078139e-01       -9.935446e-01        3.466788e-01       -6.857307e-01
0.24292995	0.86296988	19        1.067086e+01        1.970924e-01       -1.756446e-02        1.756446e-02       -8.279427e-01       -1.172057e+00       -1.275877e+00        7.243227e-01       -1.038194e-01
0.33149099	0.51180764	20        0.000000e+00        0.000000e+00        0.000000e+00        0.000000e+00        0.000000e+00        0.000000e+00        0.000000e+00        0.000000e+00        0.000000e+00
0.12431392	0.25629447	21        1.157174e+01        4.566872e-01        5.341199e-01       -5.341199e-01       -4.791329e-01       -1.520867e+00       -1.554242e+00        8.061522e-01       -3.337521e-02
0.71643346	0.44433390	22        1.123170e+01       -2.704313e-02        3.690639e-01       -3.690639e-01       -2.153075e+00        1.530750e-01       -6.378207e-01       -5.948408e-01       -7.908957e-01
0.13529094	0.43691470	23        1.131535e+01        2.323686e-01        2.076617e-02       -2.076617e-02       -6.595306e-01       -1.340469e+00       -1.714091e+00        7.693898e-02       -3.736219e-01
0.83453594	0.75171870	24        0.000000e+00        0.000000e+00        0.000000e+00        0.000000e+00        0.000000e+00        0.000000e+00        0.000000e+00        0.000000e+00        0.000000e+00
0.81398468	0.67829806	25        0.000000e+00        0.000000e+00        0.000000e+00        0.000000e+00        0.000000e+00        0.000000e+00        0.000000e+00        0.000000e+00        0.000000e+00
0.23389053	0.13238658	26        1.114537e+01       -1.168836e-01        1.257794e-01       -1.257794e-01       -8.448335e-01       -1.155166e+00       -1.533569e+00       -2.447059e-01       -3.784030e-01
0.35500332	0.92442973	27        0.000000e+00        0.000000e+00        0.000000e+00        0.000000e+00        0.000000e+00        0.000000e+00        0.000000e+00        0.000000e+00        0.000000e+00
0.97117244	0.02155249	28        0.000000e+00        0.000000e+00        0.000000e+00        0.000000e+00        0.000000e+00        0.000000e+00        0.000000e+00        0.000000e+00        0.000000e+00
0.55175406	0.18805833	29        1.144946e+01       -3.505321e-01       -3.605794e-02        3.605794e-02       -6.661006e-01       -1.333899e+00       -1.100843e+00        6.595611e-01        2.330565e-01
0.68521126	0.02675876	30        1.122209e+01        7.423450e-01       -6.009828e-02        6.009828e-02       -8.038610e-01       -1.196139e+00       -1.588420e+00        3.619914e-01       -3.922814e-01
0.11534918	0.24644978	31        1.159382e+01       -9.011178e-02       -5.589848e-02        5.589848e-02       -1.177583e+00       -8.224173e-01       -1.511735e+00        5.142066e-01       -6.893182e-01
0.57149876	0.70675241	32        1.079346e+01       -2.212884e-01        2.676709e-01       -2.676709e-01       -2.191397e+00        1.913968e-01       -1.101526e+00       -6.977787e-02       -1.292922e+00
0.66234037	0.61082285	33        0.000000e+00        0.000000e+00        0.000000e+00        0.000000e+00        0.000000e+00        0.000000e+00        0.000000e+00        0.000000e+00        0.000000e+00
0.39344127	0.68659212	34        1.176986e+01        6.286963e-01        2.337180e-01       -2.337180e-01       -1.445350e+00       -5.546504e-01       -1.524353e+00       -1.820947e-01       -9.697030e-01
0.10463366	0.72598870	35        0.000000e+00        0.000000e+00        0.000000e+00        0.000000e+00        0.000000e+00        0.000000e+00        0.000000e+00        0.000000e+00        0.000000e+00
0.65592030	0.56777669	36        1.138062e+01        7.713098e-01       -2.078675e-01        2.078675e-01       -1.375747e+00       -6.242535e-01       -1.458998e+00       -5.493281e-01       -8.347447e-01
0.01452676	0.48368992	37        1.076923e+01        2.145005e-01        2.056328e-01       -2.056328e-01       -7.512827e-01       -1.248717e+00       -1.083059e+00        2.620680e-01        1.656583e-01
0.52724013	0.46834171	38        1.142841e+01       -6.635365e-01       -8.061616e-02        8.061616e-02       -1.295614e+00       -7.043865e-01       -1.017332e+00        4.141447e-01       -3.129452e-01
0.42200783	0.31691941	39        1.093334e+01        5.689385e-01        2.110449e-01       -2.110449e-01       -1.120221e+00       -8.797791e-01       -1.456737e+00       -2.618757e-01       -5.769583e-01
0.45356850	0.47868870	40        0.000000e+00        0.000000e+00        0.000000e+00        0.000000e+00        0.000000e+00        0.000000e+00        0.000000e+00        0.000000e+00        0.000000e+00
0.46311129	0.35421160	41        1.118377e+01       -2.991088e-02        2.524815e-01       -2.524815e-01       -8.483550e-01       -1.151645e+00       -1.008470e+00        3.898839e-01        1.431747e-01
0.89366404	0.48412173	42        1.226938e+01       -1.147836e+00        4.620288e-02       -4.620288e-02       -1.950093e+00       -4.990692e-02       -1.121465e+00       -4.342635e-02       -1.071558e+00
0.76842557	0.25855474	43        1.149995e+01       -2.432772e-01        4.839047e-01       -4.839047e-01       -1.026635e+00       -9.733646e-01       -1.688732e+00       -2.907879e-01       -7.153669e-01
0.81037897	0.59060971	44        1.188483e+01        9.607375e-01       -2.574011e-01        2.574011e-01       -1.274591e+00       -7.254089e-01       -1.501017e+00        4.148181e-01       -7.756080e-01
0.82741776	0.93113772	45        1.259562e+01       -5.511881e-01        2.853960e-01       -2.853960e-01       -4.144365e-01       -1.585563e+00       -1.775177e+00        5.851681e-01       -1.896134e-01
0.89831282	0.68822825	46        1.225347e+01        1.015171e+00       -1.510227e-01        1.510227e-01       -1.075794e+00       -9.242060e-01       -7.945751e-01        3.574223e-01        1.296309e-01
0.93134553	0.90652197	47        0.000000e+00        0.000000e+00        0.000000e+00        0.000000e+00        0.000000e+00        0.000000e+00        0.000000e+00        0.000000e+00        0.000000e+00
0.48042479	0.03060469	48        1.183349e+01        3.938715e-01        1.714342e-01       -1.714342e-01       -1.455860e+00       -5.441404e-01       -1.085681e+00        4.932163e-01       -5.415410e-01
0.01949466	0.93061147	49        0.000000e+00        0.000000e+00        0.000000e+00        0.000000e+00        0.000000e+00        0.000000e+00        0.000000e+00        0.000000e+00        0.000000e+00
0.46233158	0.29702751	50        1.070912e+01        5.233169e-01       -1.204131e-02        1.204131e-02       -6.015451e-01       -1.398455e+00       -1.434488e+00        2.711366e-01       -3.603304e-02
0.60149501	0.71138041	51        1.156480e+01        5.964268e-01       -1.264728e-01        1.264728e-01       -1.978107e+00       -2.189322e-02       -1.174093e+00       -5.141785e-01       -1.152200e+00
0.35190546	0.50078379	52        0.000000e+00        0.000000e+00        0.000000e+00        0.000000e+00        0.000000e+00        0.000000e+00        0.000000e+00        0.000000e+00        0.000000e+00
0.14453518	0.86881992	53        1.173762e+01        1.897618e-01        3.427436e-01       -3.427436e-01       -5.163154e-01       -1.483685e+00       -1.819802e+00       -5.313503e-01       -3.361179e-01
0.41169871	0.61707637	54        1.067523e+01       -2.249079e-02        1.338890e-01       -1.338890e-01       -2.101267e+00        1.012670e-01       -8.876424e-01        6.685127e-02       -9.889095e-01
0.79524866	0.58558046	55        1.130218e+01        7.214375e-01       -4.417624e-01        4.417624e-01       -6.692148e-01       -1.330785e+00       -1.768995e+00       -9.575504e-01       -4.382096e-01
0.18044051	0.86574081	56        0.000000e+00        0.000000e+00        0.000000e+00        0.000000e+00        0.000000e+00        0.000000e+00        0.000000e+00        0.000000e+00        0.000000e+00
0.35072403	0.91116026	57        0.000000e+00        0.000000e+00        0.000000e+00        0.000000e+00        0.000000e+00        0.000000e+00        0.000000e+00        0.000000e+00        0.000000e+00
0.65810447	0.94575704	58        0.000000e+00        0.000000e+00        0.000000e+00        0.000000e+00        0.000000e+00        0.000000e+00        0.000000e+00        0.000000e+00        0.000000e+00
0.31429731	0.93221004	59        0.000000e+00        0.000000e+00        0.000000e+00        0.000000e+00        0.000000e+00        0.000000e+00        0.000000e+00        0.000000e+00        0.000000e+00
0.09550809	0.59328862	60        0.000000e+00        0.000000e+00        0.000000e+00        0.000000e+00        0.000000e+00        0.000000e+00        0.000000e+00        0.000000e+00        0.000000e+00
0.27171957	0.33383800	61        1.091736e+01       -9.642889e-02       -3.449147e-02        3.449147e-02       -1.153212e+00       -8.467877e-01       -1.051546e+00       -2.869469e-01       -2.047579e-01
0.60929215	0.97398773	62        0.000000e+00        0.000000e+00        0.000000e+00        0.000000e+00        0.000000e+00        0.000000e+00        0.000000e+00        0.000000e+00        0.000000e+00
0.22855797	0.08157988	63        1.080577e+01        7.316307e-03        3.029102e-01       -3.029102e-01       -2.057079e+00        5.707878e-02       -9.539746e-01       -1.951599e-01       -1.011053e+00
0.91511709	0.88828098	64        0.000000e+00        0.000000e+00        0.000000e+00        0.000000e+00        0.000000e+00        0.000000e+00        0.000000e+00        0.000000e+00        0.000000e+00
0.49195287	0.08620915	65        1.176654e+01        1.461609e-01       -2.003324e-01        2.003324e-01       -1.552969e+00       -4.470307e-01       -1.354488e+00        7.013409e-01       -9.074574e-01
0.83627376	0.19472427	66        0.000000e+00        0.000000e+00        0.000000e+00        0.000000e+00        0.000000e+00        0.000000e+00        0.000000e+00        0.000000e+00        0.000000e+00
0.68006692	0.75448648	67        1.155459e+01       -4.438969e-01        2.321554e-02       -2.321554e-02       -1.781501e+00       -2.184990e-01       -9.692875e-01        1.323714e-01       -7.507886e-01
0.50230905	0.15960781	68        0.000000e+00        0.000000e+00        0.000000e+00        0.000000e+00        0.000000e+00        0.000000e+00        0.000000e+00        0.000000e+00        0.000000e+00
0.42822348	0.13065370	69        1.125421e+01       -8.561672e-02        3.015878e-02       -3.015878e-02       -1.817550e+00       -1.824499e-01       -9.616534e-01       -1.019770e-01       -7.792034e-01
0.58936980	0.58045009	70        1.145491e+01       -3.909802e-01        1.053819e-01       -1.053819e-01       -9.589547e-01       -1.041045e+00       -1.622112e+00        1.090543e-01       -5.810665e-01
0.16158193	0.04581634	71        0.000000e+00        0.000000e+00        0.000000e+00        0.000000e+00        0.000000e+00        0.000000e+00        0.000000e+00        0.000000e+00        0.000000e+00
0.85274463	0.60932420	72        1.200957e+01        8.492402e-01       -2.393127e-01        2.393127e-01       -2.325369e-01       -1.767463e+00       -1.559413e+00       -4.966946e-01        2.080498e-01
0.14963200	0.42140479	73        1.081173e+01        8.431612e-02       -6.947971e-02        6.947971e-02       -1.391587e+00       -6.084133e-01       -1.328676e+00       -7.857994e-01       -7.202626e-01
0.79170891	0.82090468	74        1.151308e+01       -6.184721e-01        9.054323e-02       -9.054323e-02       -4.842468e-01       -1.515753e+00       -1.476890e+00       -4.728572e-01        3.886365e-02
0.66381190	0.77962756	75        0.000000e+00        0.000000e+00        0.000000e+00        0.000000e+00        0.000000e+00        0.000000e+00        0.000000e+00        0.000000e+00        0.000000e+00
0.61075705	0.11710781	76        1.197068e+01        5.267801e-01       -4.702679e-01        4.702679e-01       -2.072898e+00        7.289777e-02       -1.053984e+00        5.967051e-01       -1.126882e+00
0.02966906	0.40550802	77        1.091147e+01        5.343802e-02        4.826339e-02       -4.826339e-02       -1.298088e+00       -7.019124e-01       -1.499387e+00       -2.694634e-01       -7.974744e-01
0.32528766	0.81550049	78        1.173931e+01        8.040022e-01        5.153792e-01       -5.153792e-01       -2.522019e+00        5.220188e-01       -6.912618e-01        8.184521e-02       -1.213281e+00
0.05189762	0.39266313	79        1.180618e+01       -3.791013e-02       -1.914804e-01        1.914804e-01       -2.206519e+00        2.065190e-01       -1.018004e+00       -3.240323e-01       -1.224523e+00
0.17438586	0.11089678	80        0.000000e+00        0.000000e+00        0.000000e+00        0.000000e+00        0.000000e+00        0.000000e+00        0.000000e+00        0.000000e+00        0.000000e+00
0.56052308	0.84430148	81        0.000000e+00        0.000000e+00        0.000000e+00        0.000000e+00        0.000000e+00        0.000000e+00        0.000000e+00        0.000000e+00        0.000000e+00
0.89724370	0.40324726	82        1.152613e+01        1.075143e+00       -5.684093e-01        5.684093e-01       -1.017087e+00       -9.829134e-01       -1.439291e+00       -8.146092e-01       -4.563778e-01
0.70800345	0.68459859	83        0.000000e+00        0.000000e+00        0.000000e+00        0.000000e+00        0.000000e+00        0.000000e+00        0.000000e+00        0.000000e+00        0.000000e+00
0.62320256	0.24311694	84        1.060046e+01       -1.227513e-01        1.014209e-01       -1.014209e-01       -3.273488e-01       -1.672651e+00       -1.958359e+00       -2.320774e-01       -2.857080e-01
0.66890858	0.89858126	85        1.085395e+01        4.653315e-01       -6.158864e-02        6.158864e-02       -1.442586e+00       -5.574139e-01       -1.058324e+00       -1.517019e-01       -5.009103e-01
0.66084825	0.14849983	86        0.000000e+00        0.000000e+00        0.000000e+00        0.000000e+00        0.000000e+00        0.000000e+00        0.000000e+00        0.000000e+00        0.000000e+00
0.17592025	0.12438875	87        1.119356e+01        1.994442e-02        2.263965e-01       -2.263965e-01       -5.649731e-01       -1.435027e+00       -1.710178e+00        5.493118e-01       -2.751510e-01
0.32376416	0.00903085	88        1.179059e+01        4.859994e-02       -1.867954e-01        1.867954e-01       -2.338408e+00        3.384082e-01       -9.399824e-01       -3.635743e-01       -1.278391e+00
0.74089646	0.72268405	89        0.000000e+00        0.000000e+00        0.000000e+00        0.000000e+00        0.000000e+00        0.000000e+00        0.000000e+00        0.000000e+00        0.000000e+00
0.82033027	0.40829084	90        0.000000e+00        0.000000e+00        0.000000e+00        0.000000e+00        0.000000e+00        0.000000e+00        0.000000e+00        0.000000e+00        0.000000e+00
0.23530981	0.86763179	91        0.000000e+00        0.000000e+00        0.000000e+00        0.000000e+00        0.000000e+00        0.000000e+00        0.000000e+00        0.000000e+00        0.000000e+00
0.41896287	0.19622554	92        1.127399e+01       -1.753818e-01        1.795004e-01       -1.795004e-01       -1.939686e+00       -6.031417e-02       -9.535336e-01        3.034075e-01       -8.932194e-01
0.90044136	0.87665231	93        0.000000e+00        0.000000e+00        0.000000e+00        0.000000e+00        0.000000e+00        0.000000e+00        0.000000e+00        0.000000e+00        0.000000e+00
0.57406647	0.47280486	94        1.140189e+01       -3.787996e-01        3.722533e-01       -3.722533e-01       -1.169405e+00       -8.305947e-01       -9.608683e-01        2.690254e-01       -1.302736e-01
0.44203427	0.06567647	95        1.064391e+01        2.449962e-01        2.336812e-02       -2.336812e-02       -1.557907e+00       -4.420933e-01       -1.343626e+00       -4.846064e-01       -9.015325e-01
0.14082914	0.63992757	96        1.074399e+01       -2.551910e-01        1.108169e-01       -1.108169e-01       -2.181604e+00        1.816038e-01       -1.062577e+00       -4.186958e-01       -1.244181e+00
0.78169256	0.49373885	97        1.201913e+01        6.153244e-01       -1.381471e-01        1.381471e-01       -2.417204e+00        4.172037e-01       -9.936624e-01        1.209216e-01       -1.410866e+00
0.87118143	0.83012319	98        0.000000e+00        0.000000e+00        0.000000e+00        0.000000e+00        0.000000e+00        0.000000e+00        0.000000e+00        0.000000e+00        0.000000e+00
0.81451342	0.78322664	99        1.136024e+01       -6.476312e-01        1.144426e-01       -1.144426e-01       -2.157588e+00        1.575878e-01       -9.593534e-01       -3.310169e-01       -1.116941e+00
0.62555043	0.51127625	100        0.000000e+00        0.000000e+00        0.000000e+00        0.000000e+00        0.000000e+00        0.000000e+00        0.000000e+00        0.000000e+00        0.000000e+00
0.83375492	0.81766565	101        1.200981e+01       -9.137842e-01        6.791138e-02       -6.791138e-02       -7.694672e-01       -1.230533e+00       -1.499269e+00       -1.446349e-01       -2.687365e-01
0.34556948	0.38701190	102        0.000000e+00        0.000000e+00        0.000000e+00        0.000000e+00        0.000000e+00        0.000000e+00        0.000000e+00        0.000000e+00        0.000000e+00
0.06120496	0.66153164	103        0.000000e+00        0.000000e+00        0.000000e+00        0.000000e+00        0.000000e+00        0.000000e+00        0.000000e+00        0.000000e+00        0.000000e+00
0.33190873	0.65504154	104        0.000000e+00        0.000000e+00        0.000000e+00        0.000000e+00        0.000000e+00        0.000000e+00        0.000000e+00        0.000000e+00        0.000000e+00
0.56832727	0.12664458	105        0.000000e+00        0.000000e+00        0.000000e+00        0.000000e+00        0.000000e+00        0.000000e+00        0.000000e+00        0.000000e+00        0.000000e+00
0.69210596	0.15669969	106        1.207774e+01       -2.945601e-01        6.293535e-04       -6.293535e-04       -1.385411e+00       -6.145889e-01       -1.302958e+00        4.077201e-01       -6.883694e-01
0.41478410	0.98813293	107        0.000000e+00        0.000000e+00        0.000000e+00        0.000000e+00        0.000000e+00        0.000000e+00        0.000000e+00        0.000000e+00        0.000000e+00
0.84569168	0.21789508	108        1.112050e+01        1.925491e-01       -1.683710e-01        1.683710e-01       -1.304766e+00       -6.952341e-01       -8.945294e-01        8.168995e-01       -1.992953e-01
0.52787352	0.01675415	109        1.151885e+01        7.263069e-03        3.478347e-01       -3.478347e-01       -1.733470e+00       -2.665300e-01       -8.445013e-01        2.917079e-02       -5.779713e-01
0.32590641	0.50126042	110        1.128478e+01       -1.455098e-01        1.727756e-01       -1.727756e-01       -1.520114e+00       -4.798864e-01       -1.473315e+00       -2.356835e-01       -9.934282e-01
0.96177970	0.69951467	111        0.000000e+00        0.000000e+00        0.000000e+00        0.000000e+00        0.000000e+00        0.000000e+00        0.000000e+00        0.000000e+00        0.000000e+00
0.55372718	0.84124577	112        1.107772e+01        5.153412e-01        1.875109e-02       -1.875109e-02       -1.540557e+00       -4.594428e-01       -1.463396e+00       -3.009076e-01       -1.003954e+00
0.61940597	0.01324519	113        1.116869e+01        4.217344e-01       -3.305511e-01        3.305511e-01       -2.430540e+00        4.305399e-01       -6.968194e-01        2.217376e-01       -1.127359e+00
0.90998269	0.96826643	114        0.000000e+00        0.000000e+00        0.000000e+00        0.000000e+00        0.000000e+00        0.000000e+00        0.000000e+00        0.000000e+00        0.000000e+00
0.60768730	0.24243262	115        1.141767e+01        1.039973e-01        1.044464e-01       -1.044464e-01       -2.091805e+00        9.180540e-02       -1.171361e+00       -2.833696e-01       -1.263166e+00
0.42464148	0.66072519	116        0.000000e+00        0.000000e+00        0.000000e+00        0.000000e+00        0.000000e+00        0.000000e+00        0.000000e+00        0.000000e+00        0.000000e+00
0.75212023	0.10220553	117        1.066707e+01        4.683599e-01        1.596652e-01       -1.596652e-01       -6.280892e-01       -1.371911e+00       -1.585663e+00       -1.956738e-01       -2.137525e-01
0.81539294	0.84685645	118        1.242419e+01       -2.355295e-01        6.083142e-01       -6.083142e-01       -6.944486e-01       -1.305551e+00       -1.675730e+00        8.130403e-01       -3.701786e-01
0.36392982	0.45376803	119        1.150364e+01       -1.396167e-02       -1.652152e-01        1.652152e-01       -1.392420e+00       -6.075796e-01       -1.043713e+00        2.170325e-01       -4.361339e-01
0.46059821	0.26577570	120        1.157517e+01       -4.123405e-01       -7.244188e-02        7.244188e-02       -6.855550e-01       -1.314445e+00       -1.785517e+00        1.206152e+00       -4.710715e-01
0.20458193	0.15712385	121        1.063401e+01       -3.018137e-02        1.314839e-01       -1.314839e-01       -5.163874e-01       -1.483613e+00       -1.679908e+00        1.853770e-01       -1.962958e-01
0.54876925	0.87585735	122        1.107284e+01        8.212156e-01        6.366521e-01       -6.366521e-01       -8.605274e-01       -1.139473e+00       -1.701556e+00        4.080257e-01       -5.620838e-01
0.61279138	0.05724354	123        1.142480e+01       -6.248365e-01        2.976550e-04       -2.976550e-04       -1.214103e+00       -7.858973e-01       -1.089944e+00        8.255672e-01       -3.040465e-01
0.62730935	0.73286447	124        0.000000e+00        0.000000e+00        0.000000e+00        0.000000e+00        0.000000e+00        0.000000e+00        0.000000e+00        0.000000e+00        0.000000e+00
0.46507179	0.17204415	125        1.078597e+01        3.033323e-01        1.944414e-01       -1.944414e-01       -6.068596e-01       -1.393140e+00       -1.705976e+00       -3.946188e-01       -3.128361e-01
