0.98717606
0.51682477
0.98948611
0.63337813
0.25460732
0.29116643
0.96261435
0.97643206
0.33279381
0.74199216
0.50286954
0.03674914
0.64747882
0.74237663
0.76202094
0.72985998
0.95355203
0.54218760
0.86296988
0.51180764
0.25629447
0.44433390
0.43691470
0.75171870
0.67829806
0.13238658
0.92442973
0.02155249
0.18805833
0.02675876
0.24644978
0.70675241
0.61082285
0.68659212
0.72598870
0.56777669
0.48368992
0.46834171
0.31691941
0.47868870
0.35421160
0.48412173
0.25855474
0.59060971
0.93113772
0.68822825
0.90652197
0.03060469
0.93061147
0.29702751
0.71138041
0.50078379
0.86881992
0.61707637
0.58558046
0.86574081
0.91116026
0.94575704
0.93221004
0.59328862
0.33383800
0.97398773
0.08157988
0.88828098
0.08620915
0.19472427
0.75448648
0.15960781
0.13065370
0.58045009
0.04581634
0.60932420
0.42140479
0.82090468
0.77962756
0.11710781
0.40550802
0.81550049
0.39266313
0.11089678
0.84430148
0.40324726
0.68459859
0.24311694
0.89858126
0.14849983
0.12438875
0.00903085
0.72268405
0.40829084
0.86763179
0.19622554
0.87665231
0.47280486
0.06567647
0.63992757
0.49373885
0.83012319
0.78322664
0.51127625
0.81766565
0.38701190
0.66153164
0.65504154
0.12664458
0.15669969
0.98813293
0.21789508
0.01675415
0.50126042
0.69951467
0.84124577
0.01324519
0.96826643
0.24243262
0.66072519
0.10220553
0.84685645
0.45376803
0.26577570
0.15712385
0.87585735
0.05724354
0.73286447
0.17204415
