         1       121         9       125        76         4
         2        63         9        78        67        91
         3        93        68         6        75       117
         4       123        27        30        94        12
         5         8        95        17        55        54
         6       110        68        96        81        13
         7        99        98        74         6        32
         8        54        95        58       108       109
         9        31        91         4         3        44
        10        72       118         6        65       101
        11       101        60        41        49       118
        12        54        37        23        30        50
        13        32        91        43        15        80
        14        47        57       103        37       125
        15        17        65        46        34        59
        16        89        76         8       105        41
        17        34        61        46        65         7
        18        84       124        39       116        59
        19        81        93       121        44        39
        20        29        85        82        77        66
        21        88        57       103        12        14
        22       118        27        28        92       107
        23       120       123        36       102        52
        24         6        72        49       110        68
        25        45        36       125       116       106
        26       105        32        55        15       114
        27       107       100        80       120        28
        28       113       120        36        25        90
        29        35        77         2        55        85
        30        16        62        47       113        89
        31         3       117        13        23        52
        32        43        15        17       106        65
        33        41        78        24        74         7
        34        46        18         5        83        84
        35         2        86        64        70        63
        36        90        53        40        75       113
        37        94        50       114         4        54
        38        58       122         5       112        92
        39        75        53        70        62        86
        40        95        16         8         7        74
        41         1        49       101        24       121
        42       111       109        87         5        97
        43       112       106        15       101        72
        44        69        33        74        20        78
        45       124       106       115       116        42
        46        84        83        59        18        31
        47       125        62         4        82        66
        48        51       119        29        77        14
        49        20        82        85        29        69
        50        80       115       100        57        21
        51        42        14        47       111       109
        52        56        30        44       108        16
        53        71         6        79         3        90
        54        87       109        89        77        48
        55        61        17        59        32        34
        56        62        47        93        19        69
        57        37       103       115        97        94
        58        92         5       102        40        42
        59        71       111        99        53        39
        60        79        76        16       119        51
        61        15        59       111        71        49
        62       113       123       120        23        52
        63        67        78        26        64         7
        64        88        86        83        12        77
        65        39        86        46        75        29
        66         1        82       103        11       121
        67        26        55        77        32       105
        68        96        81        10       121        19
        69        19        20        85        81        93
        70        21        48        84        25        56
        71        99        79        90       116        51
        72        61        49       101        59        55
        73        85        96        19        57        97
        74        52       108        78        56        63
        75        70        25        62        45        21
        76        41       104        49       110        89
        77       108        55        63        61         5
        78        26         7       114       105        24
        79        51       119       116        14        42
        80       100        43       112        92       106
        81       121        66        96         3        82
        82        11        14        97         1        57
        83        31        13        17         3        32
        84        39        59        25        71        83
        85        35        97         2        57        64
        86        29        70        48        46        77
        87        77        48         8       108         5
        88        23        12        54        37        87
        89       105        58         8        38       104
        90        40       116        79        98         8
        91        80        22        27       118        43
        92       102        40        95        16        98
        93       117        75        52        70        23
        94       114         2        89        76        50
        95        74         7        52        98        54
        96        19        65        66        10        93
        97        94        67       114         2        11
        98         3        83        36        13        53
        99        33        74        24        41        95
       100        22        92        28       118       102
       101        24       118        49       122        45
       102       107        98        34        83        50
       103        73       115        96        25        85
       104       110       100        38       114        78
       105        38       104       100       122        92
       106        73        10       115        85        96
       107        50       120        23        98        12
       108        64        63        67        88        86
       109        38        97        89        14        94
       110        13        22         7        91        27
       111        87         5        77        95        48
       112        72       101       106        10        61
       113        25       125        66        45         4
       114        76        89       105       121         4
       115        21        18        88       124        84
       116        28        60        36       120       113
       117        52        23        44       123       120
       118        68        45        28        96        81
       119        56        69        51        20        62
       120       102        36       113        34        53
       121         9        44         4        91        69
       122       112        11        42        72       109
       123        12        30        37        54        47
       124       122       116        42       112        25
       125        66         4       103       123        82
