         1        66        41        82        81        33
         2        35        94        85        37        29
         3        31        98        81        53       102
         4       125         9       121         1        47
         5       111        58        34        87        38
         6        24        53        10         3         7
         7        95        78        40       110        33
         8         5        40        16        89        87
         9       121         2         1        81        35
        10        68       106        96       112        73
        11        82       122        66       124        38
        12       123        88       107        64        21
        13       110        83        31        98       104
        14        82        51       109        79        21
        15        61        32        43        72        26
        16        40        30        60        95        62
        17        15        55        32         5        83
        18       115        34        46        17        21
        19        96        69        56        73        68
        20        49        69        44        41        72
        21       115        70        75        50        45
        22       100       110        91       104        68
        23       117        88        12       107        62
        24       101        33        41        99        10
        25       113        75        84        62        28
        26        67        78        63        33       112
        27        22         4        91       110        37
        28       116        22       100       118        27
        29        20        86        48        49        64
        30       123        52         4        12        56
        31        83         9        64        46        81
        32        13        26        55        67         7
        33        99        44       121        71        69
        34        17       102       120        55        15
        35        85        29        20        73        77
        36       120        25       116        28        98
        37        12        57        88        14       123
        38       105       109       104        89        43
        39        84        65        18        59        96
        40        90        92        36        58        71
        41        33        76        11        99        16
        42        51       124       122        45        79
        43        32        80        13        17        26
        44       121        52        56       117         1
        45        25       118        75       113        22
        46        34        15        17        65        86
        47        14        30        51        56       123
        48        87        70        86        54        75
        49        72        41        24        76        11
        50       107        37       102        94        27
        51        79        48       119        71        56
        52        74       117        93        95        62
        53        36        39        59       120        98
        54         8        12        88        37        95
        55        77        67        26         5        72
        56       119        52        74       117        70
        57        21        14        85        82        50
        58        38        89         8       105       109
        59        61        84        72        55        46
        60       116        11        82       101        90
        61        55        72        17        77       112
        62        30        56        75        47        93
        63         2       108        77        74        55
        64       108        35        85        74        63
        65        96        15        10        17        32
        66       125        81       113        96        20
        67        63        97       108         2       109
        68       118         6         3        24        53
        69        44       119        56       121        79
        70        75        86        39        35        93
        71        53        59        84        61        39
        72       112        24        10       122        43
        73       103       106        66       112        43
        74        95        99        44         7        40
        75        39        93         3        36        56
        76       114        16        60         1        94
        77        87        29        54        20       111
        78        63        33        74       104         2
        79        71        60        53        90        99
        80        50        91        27       107        37
        81        19        68        10        69         6
        82        66        49        20        47       125
        83        46        98       102        64        34
        84        18        46        70        34        21
        85        73        20        69        49       106
        86        65        35        64        85        39
        87        54       111        88        42        59
        88        64        21       115       108        70
        89        16        54        94       114       109
        90        36        71        53        99        28
        91        13         9       110       121         2
        92        58       100        22       105        80
        93         3        19        56        96        53
        94        37        97        57       109         4
        95        40         5         8       111        99
        96        68        73        81         6       118
        97       109        85        57        82        42
        98       102         7       107        95        90
        99         7        71        59        53         6
       100        80       104       105        27        50
       101        11       112        41        72        10
       102       120        92        58        23       100
       103        14        57        66        21       125
       104       105        76        16        89        41
       105        89        26       114        54        16
       106        43        45       112        32        25
       107       102        27        22        92        37
       108        77        74         8        87        99
       109        42        54         8       122        12
       110         6       104        76       105        24
       111        42        59        61       122        55
       112       122        43       124        80        38
       113        62        28       120        30        75
       114        94        78        37       104        97
       115        50       103        45        57       106
       116        90       124        45        71        79
       117        93        31         3        64        62
       118        22       101        10       100        91
       119        79        48        60        71       111
       120        23        28        27       107        62
       121         1        81        68        41        19
       122       124        38       105       101        45
       123         4        23        62       125       117
       124        45        18       115       118        34
       125       113        47         1        62        25
