0.14889740
0.78152053
0.35037395
0.45060454
0.66657003
0.04661617
0.94457433
0.79979561
0.10907262
0.63708300
0.42548700
0.73757530
0.94293085
0.44369449
0.17702486
0.29888574
0.78017322
0.45522893
0.45140133
0.69318254
0.79795109
0.07631497
0.24145094
0.47244174
0.56280628
0.26322569
0.44571661
0.82292396
0.69306787
0.18097809
0.28303217
0.14144646
0.23136190
0.63686115
0.02265034
0.36761106
0.12527567
0.61888167
0.18558856
0.40517547
0.55266565
0.28783788
0.31027400
0.96255271
0.76133902
0.86354238
0.81282057
0.34563379
0.86866314
0.49010128
0.02765385
0.14351906
0.50959191
0.21660114
0.78783535
0.04980143
0.78563450
0.00451835
0.54033317
0.66200962
0.02232849
0.02308683
0.44309335
0.72113214
0.72716028
0.86887680
0.16279448
0.18788611
0.23983302
0.72448374
0.26465036
0.17546417
0.30916893
0.48171371
0.35333948
0.38949422
0.67718886
0.48113834
0.62191796
0.38920414
0.89272972
0.71821377
0.45686007
0.20989910
0.23370037
0.79979604
0.16265378
0.62092732
0.39330210
0.15749456
0.70483645
0.23868773
0.17085626
0.08040739
0.43740398
0.63723338
0.85374681
0.27501041
0.41572626
0.65327558
0.70822453
0.01481614
0.51930544
0.13906335
0.69720503
0.96948490
0.57262832
0.85818596
0.13902128
0.27873987
0.65649123
0.15149618
0.63883197
0.93309074
0.51053829
0.39847800
0.32761296
0.90321742
0.20373349
0.78233250
0.48466499
0.26577394
0.13316387
0.18416993
0.43864114
