0.96633211
0.46320348
0.96787549
0.29292525
0.27868938
0.01452757
0.67673556
0.98495087
0.66456625
0.46359800
0.63390657
0.38638772
0.37931445
0.73046059
0.66140819
0.86355337
0.99065251
0.07166275
0.07743375
0.09289758
0.26208153
0.68944880
0.33621878
0.75795519
0.71496725
0.75184778
0.80901417
0.66858682
0.49532029
0.09012255
0.07172347
0.35409485
0.71059329
0.79143227
0.77488506
0.05003081
0.58673645
0.43440030
0.40437768
0.24756205
0.15602309
0.66540011
0.65982909
0.01488257
0.88728976
0.96203301
0.98925288
0.26425393
0.83933175
0.16426162
0.54697673
0.07517830
0.58285619
0.19920697
0.90701496
0.81882403
0.95560753
0.88003551
0.91050800
0.74103933
0.13277439
0.82888594
0.44509351
0.84093874
0.58877133
0.14433244
0.86701801
0.52960956
0.71047482
0.57061336
0.00137921
0.32001424
0.23319427
0.84063967
0.34050604
0.25296424
0.47838210
0.96321203
0.10155726
0.01866566
0.90193807
0.11942955
0.94179977
0.61901311
0.89127364
0.84403723
0.69329056
0.24619276
0.21899337
0.06188210
0.87757040
0.13989295
0.08727281
0.52050508
0.17485174
0.28946224
0.18337799
0.82764904
0.30967449
0.61571132
0.47514950
0.64352266
0.47589428
0.89281591
0.54002809
0.75775508
0.96335767
0.38465741
0.21208267
0.63082236
0.35702803
0.80409173
0.48250250
0.94293536
0.51307137
0.05214244
0.20562518
0.77598826
0.06837596
0.56089410
0.46194281
0.44336350
0.65193279
0.60877977
0.51452213
