         1        66        41        76        82       125
         2        35        94        37        85        29
         3        31        98        53         9       102
         4       125         9         1        47       121
         5       111        58        77        55        34
         6        53        24         3        99        39
         7        95        78       110        40         6
         8         5        40        16        95        30
         9         2       121         1        35        81
        10        68       106         6       112        43
        11        82       122        49        38       124
        12       123        88        23         4        30
        13       110        83        98       104         7
        14        82        51        79        11        48
        15        32        61        26        13        72
        16        40        30        60        52        90
        17        15        55        32        61         5
        18       115        34       103        50        17
        19        69        96        73       119        86
        20        49        69        72        44       119
        21       115        70        50       103        86
        22       100       110        91        28       104
        23       117        88       107        62        93
        24        41       101        10       118        76
        25       113        75        93        84        70
        26        78        67        33        63       112
        27         4        22        91        80       118
        28       116       100        25        92        27
        29        20        86        48        49        85
        30        52       123       117         4        74
        31        83         9        13        64         2
        32        13        26        67        78       110
        33        44        99        24       121         7
        34        17       102       120        55        92
        35        29        85        20        48        73
        36       120        25        75        28       113
        37        12        57       123        88        21
        38       105       109        89       104        42
        39        65        84        18        46        96
        40        92        90        60        36       100
        41        33        76        99        11        16
        42       122        51       112        11        48
        43        32        80        15        50        91
        44       121        74        52         9        95
        45        25       118        75        28       116
        46        34        15        32        61       102
        47        14        62        56        30        51
        48        70        87        54       111        56
        49        72        41        24        61       101
        50        37       107       102        12        27
        51        48        79        87        60        56
        52        74       117        31        95        93
        53        39        36        98        84        65
        54        12         8        88        37       123
        55        77        67        26        87        72
        56       119        52        69        30       117
        57        21        14       115       109        50
        58        89        38         8       105        16
        59        61        84        72        39        55
        60       116        11       101        90       124
        61        72        55        24        77       112
        62        30        56       123        93       119
        63       108         2        77        35       114
        64       108        35        85        77        29
        65        96        15        10        46        61
        66       125        81        96       113        47
        67        97        63       108         2       109
        68       118         6         3        22       101
        69        44       119       121        79        48
        70        86        75        56        39        93
        71        59        53        84        39        61
        72        24       112        10       101       122
        73       106       103        43        66        57
        74        95        99         8        33        71
        75        93        39         3        56        62
        76       114        16        60        94        66
        77        87        29       111        54        20
        78        63        33       104        74         2
        79        60        71        59        53       116
        80        50        91        37        13       115
        81        19        68         3        96        10
        82        66        49        20        72        85
        83        64        98        46       102        23
        84        46        18       124        21        34
        85        73        20       106        69       103
        86        65        35        39        46        64
        87        54       111        12         5        42
        88        64        21       115        46        35
        89        16        54       114        30         8
        90        36        71        98        79        53
        91        13         9       110        31       121
        92        58       100        22        38        89
        93         3        19        56        96        69
        94        97        37        12        50       109
        95        40         5       111        92        90
        96        73        68         6       106       103
        97       109        85        82        42        49
        98       102         7       107        36        95
        99         7        71        95        59        24
       100        80       104        27       105        50
       101        11       112        41        10       122
       102        92       120        58        23       113
       103        14        45        25        57       113
       104       105        76        26        89        67
       105        26        89        54        67        16
       106        43        45       115        32        80
       107       102        27        80        88        22
       108        77        74         8        99        87
       109        54        42         8        14        12
       110       104         6        76       105         3
       111        42        59        61        55       122
       112       122        43       106        80       124
       113        62        28       120        27        75
       114        94       105        78        26         4
       115        50       103        45        37       107
       116        90       124        36        25        71
       117        93        31        83        75        64
       118        22       101        10        91        28
       119        48        79        60        70        87
       120        23        28        27        62       107
       121        81         1        66        19        41
       122        38       124       105        45        18
       123        23         4       125       117       107
       124        18        45        42        34       115
       125        47       113        25        14        30
