         1       121         4         9        44        24
         2         9        63        67        91        78
         3        93         6        81        75        13
         4        27       123        12       114        30
         5         8        95        17        87        54
         6       110        68        10        96         7
         7        99        98        13        74        33
         8        54        74        58        89       109
         9        31         4        91        44         3
        10        24       118        72        65       101
        11       101        60        42        41       118
        12        54        37        94        87       109
        13        91        32        31        15        80
        14        47       103        57       109       125
        15        17        46        65        43        34
        16        89        76         8       105        41
        17        34        13        18        65        98
        18       124        84        39       122       116
        19        81        93       121        66        75
        20        85        29        82        77        35
        21        57        88       106        18        84
        22       118        27        92        45       107
        23       123       120        12       102        83
        24        72         6        49        33        61
        25        45        36       103        28       116
        26       105        32        15        55       104
        27       107       120       100       113        28
        28       113       120        22        36        45
        29        35        77         2        64       108
        30        16        62        47        89        56
        31       117         3        52        91         4
        32        15        43        17       106        46
        33        41        78        74        26        69
        34        46        18         5       124        83
        35         2        64        86        63         9
        36        53        90       116        40        98
        37        50        94         2       115         4
        38       122        58        11        92         5
        39        53        75        86        59        70
        40        95        16         8         7        74
        41         1        24        49       101       121
        42       109       111       124        38        87
        43       106       112        73        72        10
        44        69        33        20        78        41
        45       124       103       106       115       122
        46        84        83        86        39        59
        47       125         4       113        66       103
        48       119        51        29        86        42
        49        20        82        11        97        29
        50        80       115        94        57       100
        51        42        14        47       119       111
        52        56        30        44        16        62
        53        71         6         3        90        79
        54        87       109        89        77       105
        55        61        17         5       111        59
        56        62        47        93        70        75
        57        37       103        94        73         4
        58        92         5       102        40        42
        59        71       111        79        99        90
        60        79        76        16       119        40
        61        15        59        17       111        49
        62       113        47       120        23        75
        63        78        67        26        44         7
        64        88        83        86       117        12
        65        39        86        75        53        29
        66         1        82       121        11       103
        67        26        55       105        32        77
        68        10        96        81       121        45
        69        19        20        56        85        81
        70        48        21       119        25        51
        71        99        90        79        74        40
        72        61        49        20        59        82
        73        96        85        19        65        97
        74        52       108        44        78        56
        75        25        70        36        45       117
        76        41       104         1       110        24
        77       108        55         5        63        61
        78        26         7       114        32       105
        79       119        51        90        69        14
        80        43       100        27       107       106
        81       121        66         9        44        82
        82        14        11        97         1        47
        83        31        13       117         3        15
        84        39        59        53        71        25
        85        35        97         2        64        82
        86        70        29        21        77        19
        87        77        48        55        51       119
        88        23        12        54        83       120
        89        58       105        38        87        92
        90       116        40        99        95        16
        91        80        22        27       118        43
        92       102        40        95        28        98
        93        75       117        62        25        23
        94       114         2        89        76         4
        95        74         7         8        52        99
        96        65        19        81        66        93
        97        94        67       114        38        55
        98         3        83        13        90        53
        99        33        74        41       108         6
       100        92        22        28        40       102
       101        24       118        72        49         6
       102       107        98        34        83        50
       103        73       115        96        18        85
       104       110       100        13        78        38
       105        38       104       100       114       122
       106        73        10       112        96        85
       107        50        23       120       123       115
       108        63        64        67        78        83
       109        97        38        57        94        89
       110        13        22        91         7        32
       111        87         5        95        77         8
       112        72       101        42        61        10
       113        25       125       103        36       102
       114        76        89         1         2        63
       115        21        18       106        57        88
       116        28        60        45        79       120
       117        52        23       123        30        56
       118        68        45        24        96        81
       119        69        56        62        19        20
       120       102        36       113        34        53
       121        44         9         4        33        69
       122        42       112        11       101        72
       123        12        30        62        37        54
       124       122       116        11       112        84
       125        66         4       123         1        62
