0.47989386
0.41754661
0.49138459
0.59933499
0.62016826
0.52673129
0.96344398
0.78877067
0.34102010
0.37784437
0.70363409
0.84379050
0.83282717
0.25627946
0.22725320
0.37977540
0.52502633
0.49454959
0.06163571
0.58019972
0.44136572
0.61094179
0.09316032
0.49867211
0.51713552
0.10585562
0.13471538
0.81663011
0.45015342
0.30026786
0.28349565
0.27229787
0.67224853
0.40281053
0.08706579
0.36540137
0.06916807
0.61943114
0.25465661
0.37343399
0.14638959
0.74377935
0.61596018
0.92893768
0.71107950
0.80457657
0.82300279
0.03587952
0.74380582
0.38148280
0.39935829
0.24289582
0.27717989
0.15074130
0.88007298
0.56859840
0.36525325
0.63833124
0.12185708
0.68990237
0.05984702
0.28140875
0.03164866
0.88723004
0.57747196
0.86328280
0.34937028
0.33837158
0.11061893
0.02262811
0.24586988
0.58429906
0.44243552
0.23324295
0.07169410
0.31622370
0.71186290
0.33821621
0.15449347
0.29200753
0.90759295
0.84149340
0.10056670
0.19125487
0.63870175
0.50436281
0.24777274
0.59691878
0.73792676
0.62479453
0.67292407
0.54234947
0.65831028
0.50004043
0.45228909
0.22004554
0.76171245
0.64244398
0.67819152
0.46237914
0.79564370
0.02157760
0.50633655
0.54744224
0.20905749
0.87556781
0.70373658
0.87184199
0.53039820
0.12993629
0.89203940
0.23545281
0.75019573
0.96983488
0.54752615
0.52509007
0.55525846
0.87144788
0.17609607
0.73438392
0.25817143
0.25738418
0.26766800
0.60679056
0.56684825
