0.98346396
0.34420897
0.98174565
0.26847365
0.51192022
0.22092672
0.88199556
0.89223837
0.47239896
0.15176657
0.67710804
0.12721893
0.04335903
0.44642233
0.77518423
0.85107515
0.95872638
0.50541555
0.57635953
0.17598720
0.16730174
0.57813066
0.16199081
0.11383758
0.46218602
0.21518777
0.77040918
0.31869424
0.67947324
0.00894825
0.05286018
0.05119187
0.54199298
0.74475935
0.67589081
0.58854322
0.02017263
0.30209846
0.24124615
0.13883869
0.56974027
0.21996292
0.35078890
0.49316081
0.90250528
0.94730026
0.98881040
0.09108833
0.88959474
0.09796299
0.50983889
0.46832337
0.73926884
0.71740803
0.65477594
0.84097544
0.95137074
0.87908845
0.90388377
0.87294449
0.40736515
0.93703694
0.00422252
0.91251033
0.41367954
0.27625846
0.93129356
0.15503827
0.48071208
0.11278837
0.05981282
0.56380732
0.25285436
0.70885324
0.25177410
0.57986878
0.56201291
0.96096205
0.33738602
0.21949529
0.89919572
0.15640403
0.86769924
0.57279008
0.84135007
0.59504597
0.48977138
0.49007950
0.31266705
0.23550110
0.79514523
0.18140290
0.48737789
0.55918779
0.36476999
0.38134220
0.15901440
0.82531557
0.61462470
0.45409554
0.73654444
0.50373507
0.25249933
0.81461704
0.36401417
0.60111769
0.97065279
0.07423224
0.12841976
0.41873365
0.59192960
0.83603658
0.63277380
0.82831107
0.31069719
0.03262294
0.34641294
0.82316463
0.13673790
0.30192928
0.18669035
0.72870790
0.61168623
0.63958161
0.49056416
