         1        66        41        76        82       114
         2        35        94        85        29        37
         3        31        98        53        81       102
         4       125         9       121         1        47
         5       111        58        77        34        87
         6        24        53         3         7        99
         7        95        78       110        40        74
         8         5        40        16        89        87
         9       121         2         1        81        37
        10        68       106       112        96         6
        11        82       122        49        66        38
        12       123        88       107        23        64
        13       110        83        31        98         7
        14        82        51        79        11        48
        15        32        61        26        72        55
        16        40        30        90        92        52
        17        15        55         5        32        83
        18       115        34       103        50        46
        19        69        96        73        44       119
        20        49        69        72        44       119
        21       115        70        75        84        50
        22       100       110        91       104        28
        23        88       117        62       107        52
        24       101        41        10        33        11
        25       113        75        62        93       116
        26        67        78        33        63       112
        27         4        22        91       110       125
        28       116       100        36        25        60
        29        20        86        48        49        67
        30       123        52        12       117         4
        31        83         9        64        91         2
        32        13        26        67       110        78
        33        99        44         1        71       121
        34        17       102       120        55        15
        35        29        85        20        73        48
        36       120        25        75       116        98
        37        57        12       123        14       107
        38       105       109        89       104        42
        39        84        65        18        46        96
        40        90        92        36        58        71
        41        33        76        99        11        16
        42        51       122       124        11        45
        43        32        80        15        13        50
        44       121        52        74         1       117
        45        25       118        75        28       101
        46        34        15        86        17        32
        47        14        56        62        30        82
        48        70        87        54        86        75
        49        72        41        24        76        61
        50        37       107       102        12        27
        51        79        48        47        60       119
        52       117        74        31        93        95
        53        39        36        98        84        93
        54        12         8       123         5        88
        55        77        67        26        87        32
        56       119        52        69        30       117
        57        21        14       115        50       109
        58        38        89         8        54       105
        59        61        84        72        55        39
        60       116        11        16        40       124
        61        72        55        17       112        77
        62        30        56        93       119       125
        63         2       108        35         9        74
        64       108        35        85        77        29
        65        96        15        10        17        32
        66       125        81        96        47       103
        67        63        97       108         2       109
        68       118         6         3        24        53
        69        44       119       121        79        48
        70        75        86        93        39        35
        71        53        59        84        39        61
        72       112        24        10       122        43
        73       106       103        43        57        66
        74        95        99         8        33        71
        75        39        93        62         3        65
        76       114        16        60        94        40
        77        87        29        54        63        67
        78        63        33       108        74        44
        79        71        60        53        59        90
        80        50        91        27        13        37
        81        19        68        69        10        31
        82        66        49        20       125        85
        83        46        64        98       102        88
        84        46        18        34        70       124
        85        73        20       106        57        69
        86        65        35        64        39        96
        87        54       111        12        42        59
        88        64        21       115       108        35
        89        16        54        94       109       114
        90        36        71        98        28        53
        91        13         9       121       110         2
        92        58       100        22        38        80
        93         3        19        56        96        69
        94        37        97        50        12        57
        95        40         5         8       111        99
        96        73        68        81         6       118
        97       109        85        82        73        14
        98       102         7       107        95       120
        99         7        71        59        79        53
       100        80       104        27       105        50
       101        11       112        41        10        72
       102       120        92        58        23       100
       103        14        57       113        45        25
       104       105        76        26        33        41
       105        26        89       114        54        67
       106        43        45       112        32       115
       107       102        27        80        92        88
       108        77        74         8        99        87
       109        42        54         8        94        14
       110         6       104        76       105        53
       111        42        59        61        77        55
       112       122        43       124        80        38
       113        62        28       120        27        30
       114        94        78        26       104        37
       115        50       103        45        37        80
       116        90       124        45        71       122
       117        93        31        64        19        83
       118        22       101        10        91        11
       119        79        48        60        87        29
       120        23        28        27       107        62
       121        81         1       114        68        19
       122       124        38       105        45        18
       123         4        23        62       125       117
       124        45        18       115       118       101
       125        47       113         1        25        14
