         1       121         4         9        44       125
         2        63         9        67        31        78
         3        93         6        68        75        13
         4       123        27        30       114        12
         5         8        95        17        54         7
         6       110        68        96        10        13
         7        99        98        13         6         3
         8        54        95        74        58       109
         9        31        91         4        44       123
        10        72        24       118        65       101
        11       101        60        41        42        24
        12        54        37        87        94        30
        13        91        32        80        43        15
        14        47        57       103        37       109
        15        17        65        46        43        34
        16        89        76         8        60        41
        17        34        61        46        65        13
        18        84       124        39        59       116
        19        81        93       117       121        66
        20        29        85        82        35        66
        21        57        88       103        12        46
        22       118        27        92        45        80
        23       120       123        12       102        83
        24         6        72        49        61        68
        25        45        36       103        28        90
        26       105        32        55        15       114
        27       107       100       120        80       113
        28       113       120        90        45        22
        29        35        77         2       108        64
        30        16        62        47        56       113
        31         3       117        13        23        52
        32        15        43        17       106        46
        33        41        78        24        26         7
        34        46        18         5        83        84
        35         2        86        64        70        63
        36        90        53        28        40        45
        37        94        50       114         2         4
        38        58       122         5        92        11
        39        75        53        86        70        59
        40        16        95         8         7        60
        41         1        24        49       101       121
        42       109       111        38         5        97
        43       106       112        73        72       101
        44        69        33        19        78        20
        45       124       106       103       115       116
        46        84        83        39        59        18
        47       125         4        51        66        57
        48        51       119        29        77        42
        49        20        82        11       101        85
        50        80       115        94        57       100
        51        42        14       111       109        57
        52        30        56        44        23        62
        53        71         6         3        79        90
        54        87        89       109        77        48
        55        61        17        59       111        34
        56        62        47        93        75       113
        57        37       103        85        73        94
        58        92         5       102        40        42
        59        71       111        99        79        87
        60        79        76       119        51        28
        61        15        59       111        49        71
        62       113        47       123        23       120
        63        67        78        77        26        55
        64        88        83        86        31       117
        65        39        86        75        46        29
        66         1        82        11       121        73
        67        26        55        32       105        77
        68        96        10        81       121        22
        69        19        20        56        85        81
        70        48        21        56        57        25
        71        99        79        90        33       116
        72        61        49       101        20        59
        73        85        96        19        97        35
        74        52       108        44         7        78
        75        70        25        36        45        21
        76        41       104         1       110        49
        77       108        55         5       111        64
        78        26         7       114       105        32
        79        51       119        14        69        42
        80        43       100       107       112       115
        81       121        66         3        96        44
        82        11        14        97         1       101
        83        31        13       117        17         3
        84        39        59        71        53        21
        85        35        97         2        64        82
        86        70        29        48        46        77
        87        77        48         5        55       108
        88        23        12        83       107       120
        89       105        58        38         8        40
        90        40       116        16        79         8
        91        80        22        27       118        31
        92       102        40        16       107         8
        93       117        75        62        70        25
        94       114         2        89        76       109
        95         7        74        98        52       108
        96        19        65        66        10        93
        97        94        67         2       114        57
        98         3        83        13        90        53
        99        33        74        41       108        24
       100        22        92        28       102       118
       101        24       118        45         6        68
       102       107        98        34        83        50
       103        73       115        18        66        96
       104       110       100        38       114        22
       105        38       104       122       100       110
       106        73        10        85        96        65
       107        50       120        23        98        12
       108        64        63        67        78        88
       109        97        38        89        57        67
       110        13        22         7        91       100
       111        87         5        95        48       119
       112        72       101       106        10        61
       113        25       125       103        36         4
       114        76       105        89       121         1
       115        21        18        57        88       106
       116        28        60        36        25        79
       117        52        23        44        30       123
       118        68        45        96        28       124
       119        69        56        62        51        19
       120       102        36       113        34        98
       121        44         9         4        69        91
       122       112        42        11        72       101
       123        12        30        37        54        16
       124       122       116        42       112        28
       125        66         4       123        82        62
